((-0.490332, -0.0392266, 10.5618), (-37.6364, -60.3636, 0.408163))
((-0.490332, -0.0392266, 10.5618), (-38.8182, -61.2727, 0.510204))
((-0.490332, -0.0392266, 10.5618), (-37.8182, -60.3636, 0.816326))
((-0.490332, -0.0392266, 10.5618), (-38.0909, -59.7273, 0.510204))
((-0.490332, -0.0392266, 10.5618), (-37.3636, -59.7273, 0.0))
((-0.470719, -0.0392266, 10.5323), (-38.4545, -60.2727, 0.510204))
((-0.470719, -0.0392266, 10.5323), (-37.7273, -60.1818, 0.408163))
((-0.470719, -0.0392266, 10.5323), (-38.0909, -60.4545, 0.408163))
((-0.470719, -0.0392266, 10.5323), (-37.5455, -59.7273, 0.204082))
((-0.470719, -0.0392266, 10.5323), (-38.0, -60.2727, 0.510204))
((-0.470719, -0.0392266, 10.5323), (-37.4545, -60.2727, 0.204082))
((-0.470719, -0.0392266, 10.5323), (-37.2727, -60.6364, 0.306122))
((-0.470719, -0.0392266, 10.5323), (-38.4545, -60.0909, 0.306122))
((-0.470719, -0.0392266, 10.5323), (-37.7273, -60.4545, 0.816326))
((-0.470719, -0.0392266, 10.5323), (-37.8182, -62.2727, -0.408163))
((-0.470719, -0.0294199, 10.5716), (-37.9091, -60.8182, 0.918367))
((-0.470719, -0.0294199, 10.5716), (-37.6364, -60.4545, 1.22449))
((-0.470719, -0.0294199, 10.5716), (-38.0909, -60.4545, 0.408163))
((-0.470719, -0.0294199, 10.5716), (-37.6364, -60.3636, 0.510204))
((-0.470719, -0.0294199, 10.5716), (-38.4545, -60.3636, 0.714286))
((-0.470719, -0.0294199, 10.5716), (-36.9091, -60.2727, 1.02041))
((-0.470719, -0.0294199, 10.5716), (-37.9091, -60.4545, 0.612245))
((-0.470719, -0.0294199, 10.5716), (-38.0, -60.1818, 0.816326))
((-0.470719, -0.0294199, 10.5716), (-37.8182, -60.0909, 0.714286))
((-0.539366, -0.0392266, 10.552), (-37.9091, -60.6364, 0.612245))
((-0.539366, -0.0392266, 10.552), (-38.1818, -60.2727, 0.0))
((-0.539366, -0.0392266, 10.552), (-38.0909, -60.0, 1.12245))
((-0.539366, -0.0392266, 10.552), (-38.0, -60.1818, 0.408163))
((-0.539366, -0.0392266, 10.552), (-38.0, -60.0, 0.0))
((-0.539366, -0.0392266, 10.552), (-37.1818, -60.0, 0.918367))
((-0.539366, -0.0392266, 10.552), (-37.7273, -60.1818, 0.102041))
((-0.539366, -0.0392266, 10.552), (-39.0, -60.6364, 0.510204))
((-0.500139, -0.0196133, 10.552), (-37.5455, -59.9091, 0.612245))
((-0.500139, -0.0196133, 10.552), (-38.1818, -60.6364, 0.408163))
((-0.500139, -0.0196133, 10.552), (-37.2727, -59.7273, 0.714286))
((-0.500139, -0.0196133, 10.552), (-37.3636, -60.1818, 0.102041))
((-0.500139, -0.0196133, 10.552), (-37.8182, -60.3636, 0.816326))
((-0.500139, -0.0196133, 10.552), (-37.7273, -60.4545, 0.510204))
((-0.500139, -0.0196133, 10.552), (-38.1818, -64.0, 0.408163))
((-0.500139, -0.0196133, 10.552), (-38.3636, -60.2727, 0.0))
((-0.519752, -0.0392266, 10.5421), (-38.6364, -61.0, 0.510204))
((-0.519752, -0.0392266, 10.5421), (-36.9091, -59.9091, 1.53061))
((-0.519752, -0.0392266, 10.5421), (-37.7273, -59.9091, 0.204082))
((-0.519752, -0.0392266, 10.5421), (-38.0, -59.3636, 0.918367))
((-0.519752, -0.0392266, 10.5421), (-37.7273, -60.4545, 0.306122))
((-0.519752, -0.0392266, 10.5421), (-38.6364, -60.5454, 1.22449))
((-0.519752, -0.0392266, 10.5421), (-37.6364, -59.9091, 0.714286))
((-0.519752, -0.0392266, 10.5421), (-38.4545, -59.3636, -0.102041))
((-0.558979, 0.0, 10.5323), (-38.0909, -60.3636, 0.612245))
((-0.558979, 0.0, 10.5323), (-38.2727, -60.4545, 0.102041))
((-0.558979, 0.0, 10.5323), (-37.9091, -60.6364, 1.32653))
((-0.558979, 0.0, 10.5323), (-38.1818, -59.7273, 1.02041))
((-0.558979, 0.0, 10.5323), (-38.2727, -60.5454, 0.102041))
((-0.558979, 0.0, 10.5323), (-37.4545, -60.9091, 0.510204))
((-0.558979, 0.0, 10.5323), (-38.0, -59.4545, 0.102041))
((-0.490332, -0.0196133, 10.552), (-38.1818, -60.0909, 0.408163))
((-0.490332, -0.0196133, 10.552), (-37.4545, -60.1818, 1.02041))
((-0.490332, -0.0196133, 10.552), (-37.5455, -60.9091, 1.02041))
((-0.490332, -0.0196133, 10.552), (-38.8182, -60.0, 0.102041))
((-0.490332, -0.0196133, 10.552), (-38.9091, -60.1818, 0.408163))
((-0.490332, -0.0196133, 10.552), (-37.8182, -60.6364, 0.204082))
((-0.490332, -0.0196133, 10.552), (-37.5455, -60.3636, 1.02041))
((-0.509946, -0.0686465, 10.5421), (-38.3636, -60.2727, 0.918367))
((-0.509946, -0.0686465, 10.5421), (-37.7273, -60.1818, 1.22449))
((-0.509946, -0.0686465, 10.5421), (-37.9091, -62.5454, 0.612245))
((-0.509946, -0.0686465, 10.5421), (-38.5454, -60.2727, 0.918367))
((-0.509946, -0.0686465, 10.5421), (-38.4545, -60.4545, 0.408163))
((-0.509946, -0.0686465, 10.5421), (-38.0, -61.0, 0.102041))
((-0.509946, -0.0686465, 10.5421), (-37.9091, -60.0, 0.918367))
((-0.509946, -0.0686465, 10.5421), (-37.8182, -60.0, 1.32653))
((-0.509946, -0.0686465, 10.5421), (-38.0909, -59.6364, 0.306122))
((-0.647239, -0.0882598, 10.4441), (-37.7273, -60.3636, 0.408163))
((-0.647239, -0.0882598, 10.4441), (-37.9091, -59.7273, 0.612245))
((-0.647239, -0.0882598, 10.4441), (-38.3636, -60.0, -0.306122))
((-0.647239, -0.0882598, 10.4441), (-37.6364, -60.2727, 0.612245))
((-0.647239, -0.0882598, 10.4441), (-37.9091, -59.7273, 0.816326))
((-0.647239, -0.0882598, 10.4441), (-38.0, -60.1818, 0.306122))
((-0.647239, -0.0882598, 10.4441), (-37.9091, -59.7273, 0.306122))
((-0.647239, -0.0882598, 10.4441), (-37.7273, -60.1818, 0.0))
((-0.647239, -0.0882598, 10.4441), (-37.9091, -60.6364, 0.0))
((-0.431492, 0.0294199, 10.5912), (-37.9091, -62.5454, 0.816326))
((-0.431492, 0.0294199, 10.5912), (-38.1818, -60.1818, -0.204082))
((-0.431492, 0.0294199, 10.5912), (-38.2727, -60.3636, -0.510204))
((-0.431492, 0.0294199, 10.5912), (-37.5455, -60.0909, -0.408163))
((-0.431492, 0.0294199, 10.5912), (-38.0909, -60.0909, 0.714286))
((-0.431492, 0.0294199, 10.5912), (-38.0, -59.7273, -0.102041))
((-0.431492, 0.0294199, 10.5912), (-37.9091, -62.8182, 0.408163))
((-0.431492, 0.0294199, 10.5912), (-37.2727, -60.1818, 0.306122))
((-0.431492, 0.0294199, 10.5912), (-38.5454, -60.5454, 1.12245))
((-0.637432, -0.107873, 10.4245), (-37.4545, -59.8182, 0.918367))
((-0.637432, -0.107873, 10.4245), (-38.2727, -59.9091, 0.714286))
((-0.637432, -0.107873, 10.4245), (-37.9091, -59.9091, 0.714286))
((-0.637432, -0.107873, 10.4245), (-37.9091, -59.7273, 1.22449))
((-0.637432, -0.107873, 10.4245), (-38.3636, -60.1818, 0.918367))
((-0.637432, -0.107873, 10.4245), (-38.4545, -60.1818, 0.714286))
((-0.637432, -0.107873, 10.4245), (-37.3636, -60.4545, 0.816326))
((-0.637432, -0.107873, 10.4245), (-37.9091, -60.0, 0.612245))
((-0.509946, 0.00980665, 10.5618), (-37.6364, -60.7273, 0.918367))
((-0.509946, 0.00980665, 10.5618), (-37.8182, -59.6364, 0.918367))
((-0.509946, 0.00980665, 10.5618), (-37.5455, -60.1818, 1.22449))
((-0.509946, 0.00980665, 10.5618), (-38.0909, -60.0, 0.612245))
((-0.509946, 0.00980665, 10.5618), (-37.5455, -60.4545, 0.612245))
((-0.509946, 0.00980665, 10.5618), (-37.8182, -60.4545, -0.102041))
((-0.509946, 0.00980665, 10.5618), (-38.2727, -60.5454, 0.204082))
((-0.509946, 0.00980665, 10.5618), (-38.6364, -60.0909, 0.0))
((-0.509946, 0.0196133, 10.5912), (-38.0, -60.2727, 1.22449))
((-0.509946, 0.0196133, 10.5912), (-38.0, -59.0, 0.510204))
((-0.509946, 0.0196133, 10.5912), (-37.8182, -59.9091, 0.816326))
((-0.509946, 0.0196133, 10.5912), (-37.9091, -60.7273, 0.612245))
((-0.509946, 0.0196133, 10.5912), (-38.1818, -60.0, 1.32653))
((-0.509946, 0.0196133, 10.5912), (-37.9091, -60.0909, 0.918367))
((-0.509946, 0.0196133, 10.5912), (-37.9091, -60.1818, 0.714286))
((-0.519752, -0.00980665, 10.5716), (-38.1818, -59.6364, 1.42857))
((-0.519752, -0.00980665, 10.5716), (-37.8182, -60.0909, 0.204082))
((-0.519752, -0.00980665, 10.5716), (-37.8182, -60.0, -0.102041))
((-0.519752, -0.00980665, 10.5716), (-38.0909, -59.7273, 0.612245))
((-0.519752, -0.00980665, 10.5716), (-38.0, -59.6364, 0.204082))
((-0.529559, 0.0, 10.5618), (-38.4545, -60.1818, 0.714286))
((-0.529559, 0.0, 10.5618), (-38.0909, -59.8182, 0.612245))
((-0.529559, 0.0, 10.5618), (-38.2727, -60.3636, 1.22449))
((-0.529559, 0.0, 10.5618), (-38.4545, -60.3636, 0.510204))
((-0.529559, 0.0, 10.5618), (-38.0909, -59.9091, -0.102041))
((-0.529559, 0.0, 10.5618), (-38.0, -60.3636, 1.02041))
((-0.529559, 0.0, 10.5618), (-38.0909, -60.5454, 0.408163))
((-0.519752, 0.0, 10.5421), (-38.4545, -60.3636, 0.714286))
((-0.519752, 0.0, 10.5421), (-37.8182, -60.8182, 0.714286))
((-0.519752, 0.0, 10.5421), (-37.4545, -59.8182, 0.612245))
((-0.519752, 0.0, 10.5421), (-38.8182, -59.9091, 0.714286))
((-0.519752, 0.0, 10.5421), (-37.8182, -60.6364, 0.918367))
((-0.519752, 0.0, 10.5421), (-38.0909, -60.5454, 0.612245))
((-0.519752, 0.0, 10.5421), (-38.3636, -60.0909, 1.02041))
((-0.519752, 0.0, 10.5421), (-37.4545, -60.2727, 1.02041))
((-0.519752, 0.0, 10.5421), (-38.0, -60.5454, 0.816326))
((-0.519752, -0.00980665, 10.5421), (-38.0909, -60.0, 0.612245))
((-0.519752, -0.00980665, 10.5421), (-38.4545, -60.3636, 1.22449))
((-0.519752, -0.00980665, 10.5421), (-37.9091, -60.0909, 0.612245))
((-0.519752, -0.00980665, 10.5421), (-38.2727, -60.0909, 1.02041))
((-0.519752, -0.00980665, 10.5421), (-38.0, -60.1818, 0.612245))
((-0.519752, -0.00980665, 10.5421), (-38.2727, -60.1818, 1.02041))
((-0.519752, -0.00980665, 10.5421), (-38.0, -60.2727, 0.510204))
((-0.519752, -0.00980665, 10.5421), (-37.7273, -59.8182, 0.714286))
((-0.519752, -0.00980665, 10.5421), (-37.7273, -60.2727, 0.612245))
((-0.490332, -0.0196133, 10.5618), (-37.4545, -60.5454, 0.510204))
((-0.490332, -0.0196133, 10.5618), (-38.0, -60.0909, 0.408163))
((-0.490332, -0.0196133, 10.5618), (-37.0909, -59.9091, -0.102041))
((-0.490332, -0.0196133, 10.5618), (-38.0909, -60.1818, 0.918367))
((-0.490332, -0.0196133, 10.5618), (-38.5454, -60.0909, 0.714286))
((-0.490332, -0.0196133, 10.5618), (-37.4545, -59.8182, 0.714286))
((-0.490332, -0.0196133, 10.5618), (-38.5454, -60.2727, 0.0))
((-0.490332, -0.0196133, 10.5618), (-37.7273, -60.3636, 0.816326))
((-0.490332, -0.0196133, 10.5618), (-38.0909, -60.1818, 1.02041))
((-0.284393, 0.00980665, 10.5814), (-37.7273, -59.5454, -0.102041))
((-0.284393, 0.00980665, 10.5814), (-38.1818, -60.5454, 0.0))
((-0.284393, 0.00980665, 10.5814), (-38.0, -60.4545, 0.612245))
((-0.284393, 0.00980665, 10.5814), (-38.5454, -60.4545, 1.02041))
((-0.284393, 0.00980665, 10.5814), (-37.9091, -60.5454, 0.102041))
((-0.284393, 0.00980665, 10.5814), (-37.7273, -60.4545, 0.612245))
((-0.284393, 0.00980665, 10.5814), (-37.1818, -60.3636, 0.816326))
((-0.284393, 0.00980665, 10.5814), (-37.6364, -60.4545, 0.102041))
((-0.549172, -0.0686465, 10.5225), (-38.0909, -60.0, 0.102041))
((-0.549172, -0.0686465, 10.5225), (-38.7273, -60.7273, -0.204082))
((-0.549172, -0.0686465, 10.5225), (-37.7273, -60.0, 0.0))
((-0.549172, -0.0686465, 10.5225), (-37.2727, -60.5454, 0.204082))
((-0.549172, -0.0686465, 10.5225), (-38.0, -59.6364, 0.306122))
((-0.549172, -0.0686465, 10.5225), (-38.0909, -60.1818, 0.102041))
((-0.549172, -0.0686465, 10.5225), (-37.8182, -60.0909, 0.612245))
((-0.549172, -0.0686465, 10.5225), (-38.8182, -62.2727, -0.204082))
((-0.500139, -0.0392266, 10.5421), (-38.2727, -59.9091, 0.204082))
((-0.500139, -0.0392266, 10.5421), (-38.0909, -59.9091, -0.306122))
((-0.500139, -0.0392266, 10.5421), (-38.3636, -59.8182, 0.102041))
((-0.500139, -0.0392266, 10.5421), (-37.2727, -60.0909, 1.02041))
((-0.500139, -0.0392266, 10.5421), (-37.7273, -60.0, 0.204082))
((-0.500139, -0.0392266, 10.5421), (-37.5455, -60.2727, -0.306122))
((-0.500139, -0.0392266, 10.5421), (-37.7273, -60.1818, 0.0))
((-0.500139, -0.0392266, 10.5421), (-38.2727, -60.3636, 0.102041))
((-0.500139, -0.0294199, 10.5323), (-38.0909, -60.5454, -0.102041))
((-0.500139, -0.0294199, 10.5323), (-37.9091, -59.7273, 0.204082))
((-0.500139, -0.0294199, 10.5323), (-37.6364, -59.9091, -0.306122))
((-0.500139, -0.0294199, 10.5323), (-38.0, -60.4545, 0.306122))
((-0.500139, -0.0294199, 10.5323), (-38.0, -60.3636, 0.408163))
((-0.500139, -0.0294199, 10.5323), (-37.5455, -60.3636, 0.102041))
((-0.500139, -0.0294199, 10.5323), (-38.5454, -60.2727, -0.102041))
((-0.500139, -0.0294199, 10.5323), (-38.0909, -60.4545, -0.102041))
((-0.509946, -0.0392266, 10.5618), (-38.4545, -60.0909, 0.204082))
((-0.509946, -0.0392266, 10.5618), (-38.0, -60.4545, 0.0))
((-0.509946, -0.0392266, 10.5618), (-37.3636, -60.0909, 1.02041))
((-0.509946, -0.0392266, 10.5618), (-38.1818, -60.0, 0.306122))
((-0.509946, -0.0392266, 10.5618), (-38.2727, -60.2727, 0.102041))
((-0.509946, -0.0392266, 10.5618), (-38.3636, -60.0909, 0.102041))
((-0.509946, -0.0392266, 10.5618), (-38.1818, -60.0909, 0.204082))
((-0.225553, -0.813952, 10.7579), (-37.9091, -59.9091, 0.306122))
((-0.225553, -0.813952, 10.7579), (-38.4545, -59.5454, 0.612245))
((-0.225553, -0.813952, 10.7579), (-37.6364, -60.0, 1.53061))
((-0.225553, -0.813952, 10.7579), (-38.0, -60.3636, 0.816326))
((-0.225553, -0.813952, 10.7579), (-38.3636, -59.7273, 1.53061))
((-0.225553, -0.813952, 10.7579), (-38.2727, -60.0909, 1.63265))
((-0.225553, -0.813952, 10.7579), (-38.0909, -60.2727, 0.816326))
((-0.225553, -0.813952, 10.7579), (-37.9091, -59.4545, 1.42857))
((-0.500139, -0.00980665, 10.5421), (-37.9091, -60.0, 1.32653))
((-0.500139, -0.00980665, 10.5421), (-38.0, -60.7273, 1.53061))
((-0.500139, -0.00980665, 10.5421), (-38.1818, -60.4545, 1.12245))
((-0.500139, -0.00980665, 10.5421), (-37.6364, -59.6364, 1.53061))
((-0.500139, -0.00980665, 10.5421), (-38.1818, -60.0909, 0.816326))
((-0.500139, -0.00980665, 10.5421), (-38.0, -59.8182, 0.816326))
((-0.500139, -0.00980665, 10.5421), (-37.9091, -60.0, 0.306122))
((-0.500139, -0.00980665, 10.5421), (-38.5454, -60.0, 1.22449))
((-0.500139, -0.00980665, 10.5421), (-37.6364, -60.0909, 1.22449))
((-0.539366, 0.0, 10.5618), (-38.0909, -59.4545, 1.12245))
((-0.539366, 0.0, 10.5618), (-38.0909, -60.3636, 0.918367))
((-0.539366, 0.0, 10.5618), (-37.8182, -59.8182, 1.42857))
((-0.539366, 0.0, 10.5618), (-38.1818, -59.9091, 1.12245))
((-0.539366, 0.0, 10.5618), (-38.1818, -59.2727, 1.42857))
((-0.539366, 0.0, 10.5618), (-38.0, -60.0, 1.12245))
((-0.539366, 0.0, 10.5618), (-37.7273, -60.6364, 2.14286))
((-0.539366, 0.0, 10.5618), (-37.6364, -60.4545, 0.510204))
((-0.539366, 0.0, 10.5618), (-38.0, -60.2727, 0.816326))
((-2.02017, -0.127486, 10.6794), (-38.3636, -60.2727, 1.02041))
((-2.02017, -0.127486, 10.6794), (-37.8182, -59.7273, 1.83673))
((-2.02017, -0.127486, 10.6794), (-37.8182, -59.9091, 1.42857))
((-2.02017, -0.127486, 10.6794), (-38.0909, -60.4545, 1.42857))
((-2.02017, -0.127486, 10.6794), (-38.4545, -60.5454, 1.32653))
((-2.02017, -0.127486, 10.6794), (-38.5454, -59.6364, 0.816326))
((-2.02017, -0.127486, 10.6794), (-38.2727, -60.3636, 0.714286))
((-2.02017, -0.127486, 10.6794), (-38.4545, -60.0909, 1.22449))
((-0.500139, -0.0392266, 10.5029), (-37.8182, -61.0909, 0.816326))
((-0.500139, -0.0392266, 10.5029), (-38.1818, -59.9091, 1.73469))
((-0.500139, -0.0392266, 10.5029), (-38.4545, -60.1818, 1.53061))
((-0.500139, -0.0392266, 10.5029), (-38.5454, -60.5454, 1.02041))
((-0.500139, -0.0392266, 10.5029), (-38.1818, -61.0, 0.816326))
((-0.500139, -0.0392266, 10.5029), (-38.4545, -59.9091, 1.73469))
((-0.500139, -0.0392266, 10.5029), (-38.5454, -60.4545, 1.22449))
((-0.509946, -0.0294199, 10.5225), (-38.1818, -60.1818, 1.12245))
((-0.509946, -0.0294199, 10.5225), (-38.2727, -59.4545, 0.918367))
((-0.509946, -0.0294199, 10.5225), (-37.5455, -60.4545, 0.408163))
((-0.509946, -0.0294199, 10.5225), (-37.7273, -60.4545, 0.918367))
((-0.509946, -0.0294199, 10.5225), (-37.6364, -59.6364, 1.02041))
((-0.686465, -0.0294199, 10.4931), (-37.9091, -60.0909, 0.816326))
((-0.686465, -0.0294199, 10.4931), (-38.0, -59.8182, 1.53061))
((-0.686465, -0.0294199, 10.4931), (-37.7273, -60.4545, 0.714286))
((-0.686465, -0.0294199, 10.4931), (-38.0909, -60.1818, 0.714286))
((-0.686465, -0.0294199, 10.4931), (-37.8182, -60.1818, 1.02041))
((-0.686465, -0.0294199, 10.4931), (-37.9091, -60.3636, 1.12245))
((-0.686465, -0.0294199, 10.4931), (-37.9091, -60.0909, 0.408163))
((-0.686465, -0.0294199, 10.4931), (-37.5455, -60.0909, 0.204082))
((-0.539366, 0.0, 10.5225), (-37.9091, -60.3636, 1.42857))
((-0.539366, 0.0, 10.5225), (-37.8182, -60.3636, 1.22449))
((-0.539366, 0.0, 10.5225), (-38.4545, -60.6364, 0.918367))
((-0.539366, 0.0, 10.5225), (-37.7273, -59.8182, 1.53061))
((-0.539366, 0.0, 10.5225), (-38.2727, -60.1818, 0.816326))
((-0.539366, 0.0, 10.5225), (-38.3636, -60.0909, 1.22449))
((-0.539366, 0.0, 10.5225), (-37.8182, -59.9091, 1.73469))
((-0.519752, 0.00980665, 10.5618), (-38.0, -59.7273, 1.42857))
((-0.519752, 0.00980665, 10.5618), (-38.0909, -60.0, 1.42857))
((-0.519752, 0.00980665, 10.5618), (-38.4545, -60.1818, 1.63265))
((-0.519752, 0.00980665, 10.5618), (-38.1818, -59.3636, 0.714286))
((-0.519752, 0.00980665, 10.5618), (-37.8182, -60.0909, 1.32653))
((-0.519752, 0.00980665, 10.5618), (-37.7273, -60.3636, 0.408163))
((-0.519752, 0.00980665, 10.5618), (-38.1818, -60.3636, 1.73469))
((-0.519752, 0.00980665, 10.5618), (-38.0909, -59.7273, 1.93878))
((-0.500139, -0.0490332, 10.552), (-37.8182, -60.0, 2.04082))
((-0.500139, -0.0490332, 10.552), (-38.0909, -60.7273, 1.32653))
((-0.500139, -0.0490332, 10.552), (-37.8182, -60.1818, 1.42857))
((-0.500139, -0.0490332, 10.552), (-38.4545, -59.7273, 1.32653))
((-0.500139, -0.0490332, 10.552), (-38.3636, -62.3636, 0.0))
((-0.500139, -0.0490332, 10.552), (-38.7273, -59.9091, 1.12245))
((-0.500139, -0.0490332, 10.552), (-37.6364, -59.9091, 0.714286))
((-0.500139, -0.0490332, 10.552), (-37.8182, -59.8182, 0.816326))
((-0.500139, -0.0490332, 10.552), (-37.8182, -60.2727, 1.53061))
((-0.500139, -0.0490332, 10.552), (-37.2727, -59.8182, 1.73469))
((-0.490332, -0.0588399, 10.5421), (-38.3636, -60.0, 1.02041))
((-0.490332, -0.0588399, 10.5421), (-37.9091, -60.7273, 1.93878))
((-0.490332, -0.0588399, 10.5421), (-38.3636, -60.2727, 1.63265))
((-0.490332, -0.0588399, 10.5421), (-38.4545, -59.6364, 1.22449))
((-0.490332, -0.0588399, 10.5421), (-38.3636, -61.7273, 1.02041))
((-0.490332, -0.0588399, 10.5421), (-38.5454, -59.9091, 0.306122))
((-0.490332, -0.0588399, 10.5421), (-38.1818, -59.6364, 1.32653))
((-0.490332, -0.0588399, 10.5421), (-38.0909, -60.0909, 0.918367))
((-0.490332, -0.0588399, 10.5421), (-38.3636, -59.8182, 0.306122))
((-0.490332, -0.0196133, 10.5618), (-38.2727, -59.4545, 1.02041))
((-0.490332, -0.0196133, 10.5618), (-37.8182, -60.0909, 1.53061))
((-0.490332, -0.0196133, 10.5618), (-37.8182, -60.4545, 1.02041))
((-0.490332, -0.0196133, 10.5618), (-38.7273, -59.9091, 1.53061))
((-0.490332, -0.0196133, 10.5618), (-38.0909, -61.2727, 0.816326))
((-0.490332, -0.0196133, 10.5618), (-38.2727, -59.5454, 0.816326))
((-0.490332, -0.0196133, 10.5618), (-38.4545, -60.0909, 1.42857))
((-0.490332, -0.0196133, 10.5618), (-37.7273, -60.1818, 1.02041))
((-0.529559, -0.0490332, 10.552), (-38.1818, -59.6364, 1.02041))
((-0.529559, -0.0490332, 10.552), (-38.3636, -59.7273, 1.53061))
((-0.529559, -0.0490332, 10.552), (-38.1818, -60.0, 1.42857))
((-0.529559, -0.0490332, 10.552), (-38.2727, -60.2727, 0.408163))
((-0.529559, -0.0490332, 10.552), (-38.7273, -59.6364, 0.408163))
((-0.529559, -0.0490332, 10.552), (-38.1818, -60.0909, 1.22449))
((-0.529559, -0.0490332, 10.552), (-38.4545, -59.8182, 1.22449))
((-0.529559, -0.0490332, 10.552), (-38.8182, -60.1818, 1.12245))
((-0.588399, -0.00980665, 10.5323), (-38.4545, -60.0909, 1.42857))
((-0.588399, -0.00980665, 10.5323), (-38.1818, -59.6364, 1.42857))
((-0.588399, -0.00980665, 10.5323), (-38.0909, -60.0, 1.12245))
((-0.588399, -0.00980665, 10.5323), (-38.0909, -60.4545, 1.32653))
((-0.588399, -0.00980665, 10.5323), (-38.4545, -61.7273, 1.12245))
((-0.588399, -0.00980665, 10.5323), (-37.6364, -59.9091, 1.63265))
((-0.588399, -0.00980665, 10.5323), (-38.2727, -59.5454, 1.02041))
((-0.549172, 0.00980665, 10.5618), (-38.1818, -59.9091, 1.73469))
((-0.549172, 0.00980665, 10.5618), (-38.4545, -59.3636, 0.918367))
((-0.549172, 0.00980665, 10.5618), (-37.4545, -59.9091, 1.83673))
((-0.549172, 0.00980665, 10.5618), (-38.5454, -60.0909, 1.32653))
((-0.549172, 0.00980665, 10.5618), (-37.9091, -60.0909, 1.83673))
((-0.549172, 0.00980665, 10.5618), (-39.3636, -60.5454, 1.12245))
((-0.549172, 0.00980665, 10.5618), (-38.4545, -60.5454, 1.83673))
((-0.549172, 0.00980665, 10.5618), (-37.4545, -60.1818, 1.63265))
((-0.549172, 0.0, 10.5618), (-38.3636, -60.0, 1.83673))
((-0.549172, 0.0, 10.5618), (-37.8182, -59.7273, 1.63265))
((-0.549172, 0.0, 10.5618), (-38.3636, -61.9091, 1.02041))
((-0.549172, 0.0, 10.5618), (-37.7273, -59.2727, 1.83673))
((-0.549172, 0.0, 10.5618), (-37.6364, -59.8182, -0.204082))
((-0.549172, 0.0, 10.5618), (-37.7273, -59.7273, 0.102041))
((-0.549172, 0.0, 10.5618), (-37.5455, -60.0909, 0.408163))
((-0.402073, -0.0294199, 10.6108), (-38.2727, -60.0909, 0.510204))
((-0.402073, -0.0294199, 10.6108), (-38.2727, -60.3636, 1.22449))
((-0.402073, -0.0294199, 10.6108), (-38.0909, -60.4545, 0.204082))
((-0.402073, -0.0294199, 10.6108), (-37.5455, -60.4545, 1.22449))
((-0.402073, -0.0294199, 10.6108), (-38.6364, -60.0, 0.816326))
((-0.402073, -0.0294199, 10.6108), (-37.8182, -60.2727, 1.12245))
((-0.402073, -0.0294199, 10.6108), (-38.0, -60.2727, 1.22449))
((-0.402073, -0.0294199, 10.6108), (-38.1818, -60.0, 0.204082))
((-0.480526, -0.0490332, 10.5814), (-38.0, -60.0, 0.816326))
((-0.480526, -0.0490332, 10.5814), (-38.3636, -63.2727, 0.102041))
((-0.480526, -0.0490332, 10.5814), (-38.1818, -60.1818, 0.306122))
((-0.480526, -0.0490332, 10.5814), (-38.0909, -60.0, 0.0))
((-0.480526, -0.0490332, 10.5814), (-37.8182, -60.0909, 0.510204))
((-0.480526, -0.0490332, 10.5814), (-37.5455, -60.0909, 0.204082))
((-0.480526, -0.0490332, 10.5814), (-37.9091, -60.0, 0.204082))
((-0.480526, -0.0490332, 10.5814), (-37.4545, -60.4545, 0.714286))
((-0.480526, -0.0490332, 10.5814), (-38.2727, -60.4545, 0.306122))
((-0.490332, -0.0392266, 10.552), (-38.5454, -59.9091, 0.816326))
((-0.490332, -0.0392266, 10.552), (-37.6364, -60.2727, 0.714286))
((-0.490332, -0.0392266, 10.552), (-37.4545, -60.0, 0.714286))
((-0.490332, -0.0392266, 10.552), (-37.8182, -60.6364, 0.408163))
((-0.490332, -0.0392266, 10.552), (-38.5454, -60.0, 0.612245))
((-0.490332, -0.0392266, 10.552), (-38.2727, -60.4545, 0.306122))
((-0.490332, -0.0392266, 10.552), (-37.4545, -60.3636, 0.816326))
((-0.490332, -0.0392266, 10.552), (-37.7273, -60.2727, 0.102041))
((-0.490332, -0.0392266, 10.552), (-38.0, -60.4545, 0.510204))
((-0.500139, -0.0294199, 10.5421), (-37.7273, -60.1818, 1.02041))
((-0.500139, -0.0294199, 10.5421), (-37.9091, -60.3636, 0.510204))
((-0.500139, -0.0294199, 10.5421), (-37.7273, -59.9091, 0.612245))
((-0.500139, -0.0294199, 10.5421), (-37.2727, -60.9091, 0.0))
((-0.500139, -0.0294199, 10.5421), (-38.3636, -60.2727, 0.306122))
((-0.500139, -0.0294199, 10.5421), (-37.5455, -59.9091, 0.918367))
((-0.500139, -0.0294199, 10.5421), (-38.6364, -60.3636, 0.816326))
((-0.500139, -0.0294199, 10.5421), (-37.9091, -60.2727, 0.510204))
((-0.470719, -0.0392266, 10.5225), (-37.7273, -60.2727, 0.204082))
((-0.470719, -0.0392266, 10.5225), (-38.2727, -60.0909, 0.510204))
((-0.470719, -0.0392266, 10.5225), (-38.1818, -60.6364, 0.612245))
((-0.470719, -0.0392266, 10.5225), (-37.9091, -60.0909, 0.306122))
((-0.470719, -0.0392266, 10.5225), (-37.5455, -60.6364, 0.102041))
((-0.519752, -0.0490332, 10.5225), (-37.4545, -60.5454, 0.816326))
((-0.519752, -0.0490332, 10.5225), (-37.6364, -60.4545, 0.204082))
((-0.519752, -0.0490332, 10.5225), (-39.2727, -62.6364, -0.102041))
((-0.519752, -0.0490332, 10.5225), (-38.1818, -59.6364, 0.612245))
((-0.519752, -0.0490332, 10.5225), (-37.6364, -59.7273, 0.102041))
((-0.519752, -0.0490332, 10.5225), (-38.2727, -60.0909, 0.204082))
((-0.519752, -0.0490332, 10.5225), (-38.6364, -60.0, 0.918367))
((-0.519752, -0.0490332, 10.5225), (-37.7273, -59.7273, 0.0))
((-0.519752, -0.0588399, 10.5323), (-37.8182, -59.6364, 0.918367))
((-0.519752, -0.0588399, 10.5323), (-36.9091, -60.0, 1.12245))
((-0.519752, -0.0588399, 10.5323), (-38.2727, -60.4545, 0.816326))
((-0.519752, -0.0588399, 10.5323), (-37.7273, -59.9091, 1.53061))
((-0.519752, -0.0588399, 10.5323), (-38.0909, -60.0909, 0.918367))
((-0.519752, -0.0588399, 10.5323), (-37.7273, -60.0909, 0.612245))
((-0.519752, -0.0588399, 10.5323), (-37.9091, -59.5454, 0.918367))
((-0.500139, -0.0686465, 10.552), (-38.7273, -60.7273, 0.816326))
((-0.500139, -0.0686465, 10.552), (-37.3636, -60.4545, 1.12245))
((-0.500139, -0.0686465, 10.552), (-37.6364, -60.2727, 0.0))
((-0.500139, -0.0686465, 10.552), (-37.5455, -60.3636, 0.816326))
((-0.500139, -0.0686465, 10.552), (-37.8182, -59.9091, 0.714286))
((-0.500139, -0.0686465, 10.552), (-36.8182, -59.7273, 1.22449))
((-0.500139, -0.0686465, 10.552), (-38.0, -59.8182, 1.32653))
((-0.500139, -0.0686465, 10.552), (-37.9091, -60.9091, 0.918367))
