((-0.529559, -0.0588399, 10.5421), (-38.7273, -60.9091, 0.918367))
((-0.529559, -0.0588399, 10.5421), (-38.4545, -61.0909, 1.12245))
((-0.529559, -0.0588399, 10.5421), (-38.6364, -61.2727, 0.816326))
((-0.529559, -0.0588399, 10.5421), (-38.0909, -61.2727, 0.408163))
((-0.509946, -0.0784532, 10.4245), (-38.5454, -60.4545, 1.02041))
((-0.509946, -0.0784532, 10.4245), (-38.2727, -61.3636, 1.73469))
((-0.509946, -0.0784532, 10.4245), (-38.4545, -61.1818, 0.714286))
((-0.509946, -0.0784532, 10.4245), (-38.8182, -60.4545, 1.53061))
((-0.509946, -0.0784532, 10.4245), (-38.8182, -61.0909, 0.510204))
((-0.509946, -0.0784532, 10.4245), (-38.8182, -61.6364, 1.02041))
((-0.509946, -0.0784532, 10.4245), (-38.4545, -61.3636, 1.93878))
((-0.509946, -0.0784532, 10.4245), (-38.1818, -61.0, 1.42857))
((-0.509946, -0.0784532, 10.4245), (-38.6364, -61.3636, 1.22449))
((-0.519752, -0.0392266, 10.552), (-37.7273, -60.8182, 0.408163))
((-0.519752, -0.0392266, 10.552), (-39.0, -61.3636, 1.02041))
((-0.519752, -0.0392266, 10.552), (-39.3636, -60.7273, 1.32653))
((-0.519752, -0.0392266, 10.552), (-38.5454, -61.3636, 1.02041))
((-0.519752, -0.0392266, 10.552), (-38.6364, -60.4545, 1.12245))
((-0.519752, -0.0392266, 10.552), (-38.3636, -60.9091, 1.12245))
((-0.519752, -0.0392266, 10.552), (-38.6364, -60.8182, 1.02041))
((-0.519752, -0.0392266, 10.552), (-39.0909, -61.1818, 1.02041))
((-0.519752, -0.0392266, 10.552), (-38.4545, -61.0, 1.12245))
((-0.529559, -0.0490332, 10.5421), (-38.0909, -60.8182, 0.714286))
((-0.529559, -0.0490332, 10.5421), (-38.6364, -61.8182, 0.102041))
((-0.529559, -0.0490332, 10.5421), (-38.5454, -61.8182, 1.12245))
((-0.529559, -0.0490332, 10.5421), (-38.0, -60.5454, 1.12245))
((-0.529559, -0.0490332, 10.5421), (-38.4545, -61.2727, 1.22449))
((-0.529559, -0.0490332, 10.5421), (-38.3636, -61.5454, 1.63265))
((-0.529559, -0.0490332, 10.5421), (-38.7273, -60.8182, 0.918367))
((-0.529559, -0.0490332, 10.5421), (-38.9091, -61.0909, 1.22449))
((-0.529559, -0.0490332, 10.5421), (-37.9091, -61.4545, 1.42857))
((-0.500139, -0.0392266, 10.5225), (-38.7273, -60.9091, 1.22449))
((-0.500139, -0.0392266, 10.5225), (-38.2727, -61.4545, 1.12245))
((-0.500139, -0.0392266, 10.5225), (-38.6364, -61.0, 1.32653))
((-0.500139, -0.0392266, 10.5225), (-38.6364, -61.1818, 1.02041))
((-0.500139, -0.0392266, 10.5225), (-37.7273, -61.4545, 1.32653))
((-0.500139, -0.0392266, 10.5225), (-38.0, -60.6364, 1.42857))
((-0.500139, -0.0392266, 10.5225), (-38.0, -60.8182, 1.22449))
((-0.500139, -0.0392266, 10.5225), (-38.8182, -60.9091, 1.22449))
((-0.500139, -0.0392266, 10.5225), (-38.6364, -61.0, 1.42857))
((-0.500139, -0.0392266, 10.5225), (-38.9091, -61.0909, 0.612245))
((-0.500139, -0.0392266, 10.5225), (-38.1818, -61.7273, 0.816326))
((-0.500139, -0.0392266, 10.5225), (-38.6364, -63.8182, 1.02041))
((-0.500139, -0.0392266, 10.5225), (-38.6364, -61.2727, 1.42857))
((-0.500139, -0.0392266, 10.5225), (-38.3636, -61.0, 1.32653))
((-0.500139, -0.0392266, 10.5225), (-38.5454, -61.6364, 1.42857))
((-0.500139, -0.0392266, 10.5225), (-38.0909, -61.8182, 0.918367))
((-0.509946, -0.0588399, 10.5421), (-38.7273, -61.0909, 1.42857))
((-0.509946, -0.0588399, 10.5421), (-38.1818, -60.8182, 1.63265))
((-0.509946, -0.0588399, 10.5421), (-39.3636, -61.0, 0.918367))
((-0.509946, -0.0588399, 10.5421), (-38.6364, -63.5454, 1.02041))
((-0.509946, -0.0588399, 10.5421), (-39.1818, -60.9091, 1.53061))
((-0.509946, -0.0588399, 10.5421), (-38.9091, -61.0, 0.612245))
((-0.509946, -0.0588399, 10.5421), (-38.7273, -61.0, 1.32653))
((-0.509946, -0.0588399, 10.5421), (-38.1818, -60.7273, 0.918367))
((-0.529559, -0.0686465, 10.5225), (-38.1818, -61.1818, 1.42857))
((-0.529559, -0.0686465, 10.5225), (-39.1818, -61.6364, 0.204082))
((-0.529559, -0.0686465, 10.5225), (-38.0, -61.3636, 0.612245))
((-0.529559, -0.0686465, 10.5225), (-38.0909, -62.5454, 0.918367))
((-0.529559, -0.0686465, 10.5225), (-38.2727, -61.1818, 0.306122))
((-0.529559, -0.0686465, 10.5225), (-38.6364, -61.6364, 1.42857))
((-0.529559, -0.0686465, 10.5225), (-38.5454, -61.8182, 1.12245))
((-0.519752, -0.0686465, 10.5421), (-39.0909, -61.5454, 0.510204))
((-0.519752, -0.0686465, 10.5421), (-38.5454, -61.1818, 1.22449))
((-0.519752, -0.0686465, 10.5421), (-38.6364, -61.0909, 1.12245))
((-0.519752, -0.0686465, 10.5421), (-39.0, -60.8182, 1.53061))
((-0.519752, -0.0686465, 10.5421), (-39.1818, -61.0, 1.42857))
((-0.519752, -0.0686465, 10.5421), (-38.9091, -61.7273, 1.32653))
((-0.519752, -0.0686465, 10.5421), (-38.0, -61.0909, 0.714286))
((-0.519752, -0.0686465, 10.5421), (-38.4545, -60.7273, 0.918367))
((-0.519752, -0.0686465, 10.5421), (-38.5454, -61.5454, 1.22449))
((-0.470719, -0.0686465, 10.5029), (-39.0, -60.9091, 1.53061))
((-0.470719, -0.0686465, 10.5029), (-38.6364, -61.1818, 1.63265))
((-0.470719, -0.0686465, 10.5029), (-37.6364, -61.0, 0.816326))
((-0.470719, -0.0686465, 10.5029), (-38.9091, -60.9091, 1.63265))
((-0.470719, -0.0686465, 10.5029), (-38.7273, -60.9091, 1.63265))
((-0.470719, -0.0686465, 10.5029), (-38.9091, -61.0909, 0.714286))
((-0.470719, -0.0686465, 10.5029), (-38.5454, -61.8182, 1.02041))
((-0.470719, -0.0686465, 10.5029), (-38.3636, -61.4545, 0.816326))
((-0.470719, -0.0686465, 10.5029), (-38.6364, -60.6364, 1.12245))
((-0.490332, -0.0490332, 10.5421), (-38.1818, -61.1818, 1.32653))
((-0.490332, -0.0490332, 10.5421), (-38.7273, -61.6364, 1.42857))
((-0.490332, -0.0490332, 10.5421), (-38.8182, -61.3636, 1.53061))
((-0.490332, -0.0490332, 10.5421), (-38.3636, -61.0, 1.53061))
((-0.490332, -0.0490332, 10.5421), (-39.1818, -61.2727, 1.12245))
((-0.490332, -0.0490332, 10.5421), (-38.8182, -61.3636, 1.22449))
((-0.490332, -0.0490332, 10.5421), (-38.9091, -60.7273, 1.53061))
((-0.490332, -0.0490332, 10.5421), (-38.2727, -60.8182, 1.53061))
((-0.490332, -0.0588399, 10.5029), (-38.3636, -60.8182, 1.63265))
((-0.490332, -0.0588399, 10.5029), (-38.5454, -61.3636, 1.73469))
((-0.490332, -0.0588399, 10.5029), (-38.5454, -60.8182, 0.918367))
((-0.490332, -0.0588399, 10.5029), (-38.3636, -60.9091, 1.53061))
((-0.490332, -0.0588399, 10.5029), (-38.4545, -60.8182, 1.53061))
((-0.490332, -0.0588399, 10.5029), (-38.3636, -61.0, 0.918367))
((-0.490332, -0.0588399, 10.5029), (-37.9091, -61.6364, 1.22449))
((-0.490332, -0.0588399, 10.5029), (-38.9091, -61.4545, 2.14286))
((-0.509946, -0.0392266, 10.5225), (-38.8182, -61.0, 1.22449))
((-0.509946, -0.0392266, 10.5225), (-38.8182, -60.9091, 1.12245))
((-0.509946, -0.0392266, 10.5225), (-39.0909, -60.5454, 1.22449))
((-0.509946, -0.0392266, 10.5225), (-39.0909, -61.0, 1.12245))
((-0.509946, -0.0392266, 10.5225), (-39.0, -60.9091, 1.73469))
((-0.509946, -0.0392266, 10.5225), (-38.8182, -60.3636, 1.02041))
((-0.509946, -0.0392266, 10.5225), (-39.0909, -61.7273, 1.22449))
((-0.509946, -0.0392266, 10.5225), (-38.7273, -61.1818, 1.12245))
((-0.519752, -0.0294199, 10.5323), (-38.8182, -61.0, 1.42857))
((-0.519752, -0.0294199, 10.5323), (-38.9091, -63.1818, 0.306122))
((-0.519752, -0.0294199, 10.5323), (-38.4545, -61.0, 0.612245))
((-0.519752, -0.0294199, 10.5323), (-38.5454, -60.9091, 1.63265))
((-0.519752, -0.0294199, 10.5323), (-38.8182, -60.9091, 0.918367))
((-0.519752, -0.0294199, 10.5323), (-38.1818, -61.1818, 0.714286))
((-0.519752, -0.0294199, 10.5323), (-38.4545, -61.7273, 1.22449))
((-0.519752, -0.0294199, 10.5323), (-38.5454, -61.0909, 0.816326))
((-0.529559, -0.0490332, 10.552), (-38.1818, -60.7273, 1.53061))
((-0.529559, -0.0490332, 10.552), (-39.2727, -63.6364, 0.510204))
((-0.529559, -0.0490332, 10.552), (-38.4545, -61.1818, 1.63265))
((-0.529559, -0.0490332, 10.552), (-38.5454, -60.5454, 0.918367))
((-0.529559, -0.0490332, 10.552), (-38.3636, -61.2727, 0.816326))
((-0.539366, -0.0392266, 10.65), (-38.5454, -61.1818, 0.918367))
((-0.539366, -0.0392266, 10.65), (-38.5454, -60.8182, 0.816326))
((-0.539366, -0.0392266, 10.65), (-37.9091, -61.4545, 1.12245))
((-0.539366, -0.0392266, 10.65), (-38.3636, -61.0909, 2.04082))
((-0.539366, -0.0392266, 10.65), (-38.2727, -60.9091, 0.816326))
((-0.539366, -0.0392266, 10.65), (-38.6364, -61.1818, 1.53061))
((-0.539366, -0.0392266, 10.65), (-38.3636, -61.0909, 1.22449))
((-0.539366, -0.0392266, 10.65), (-38.8182, -63.0, 0.816326))
((-0.509946, -0.0196133, 10.552), (-38.4545, -61.0909, 1.53061))
((-0.509946, -0.0196133, 10.552), (-38.3636, -61.4545, 1.02041))
((-0.509946, -0.0196133, 10.552), (-38.5454, -62.0909, 1.63265))
((-0.509946, -0.0196133, 10.552), (-38.3636, -61.3636, 1.93878))
((-0.509946, -0.0196133, 10.552), (-38.6364, -60.9091, 0.510204))
((-0.509946, -0.0196133, 10.552), (-39.0, -61.2727, 1.12245))
((-0.509946, -0.0196133, 10.552), (-38.4545, -61.0, 1.12245))
((-0.509946, -0.0196133, 10.552), (-38.0909, -61.0, 0.918367))
((-0.509946, -0.0196133, 10.552), (-38.7273, -61.9091, 1.32653))
((-0.519752, -0.0294199, 10.5618), (-38.4545, -61.5454, 1.22449))
((-0.519752, -0.0294199, 10.5618), (-38.3636, -61.0, 1.32653))
((-0.519752, -0.0294199, 10.5618), (-38.3636, -61.3636, 1.53061))
((-0.519752, -0.0294199, 10.5618), (-38.6364, -61.3636, 0.714286))
((-0.519752, -0.0294199, 10.5618), (-38.9091, -61.4545, 1.63265))
((-0.519752, -0.0294199, 10.5618), (-38.6364, -61.3636, 0.816326))
((-0.519752, -0.0294199, 10.5618), (-38.0909, -61.2727, 0.918367))
((-0.519752, -0.0294199, 10.5618), (-38.9091, -60.7273, 1.12245))
((-0.519752, -0.0294199, 10.5618), (-38.7273, -60.7273, 1.12245))
((-0.519752, -0.0392266, 10.5421), (-38.1818, -60.8182, 1.42857))
((-0.519752, -0.0392266, 10.5421), (-39.1818, -61.2727, 1.32653))
((-0.519752, -0.0392266, 10.5421), (-38.5454, -61.5454, 0.816326))
((-0.519752, -0.0392266, 10.5421), (-38.7273, -60.7273, 1.22449))
((-0.519752, -0.0392266, 10.5421), (-38.7273, -61.3636, 1.53061))
((-0.519752, -0.0392266, 10.5421), (-38.0, -61.6364, 1.73469))
((-0.519752, -0.0392266, 10.5421), (-38.9091, -61.0, 1.42857))
((-0.519752, -0.0392266, 10.5421), (-38.9091, -61.0909, 1.53061))
((-0.519752, -0.0392266, 10.5421), (-38.5454, -61.0, 1.53061))
((-0.519752, -0.0882598, 10.5716), (-38.8182, -60.9091, 1.02041))
((-0.519752, -0.0882598, 10.5716), (-38.7273, -60.6364, 1.42857))
((-0.519752, -0.0882598, 10.5716), (-38.2727, -61.2727, 1.93878))
((-0.519752, -0.0882598, 10.5716), (-38.3636, -61.0, 1.63265))
((-0.519752, -0.0882598, 10.5716), (-38.5454, -60.8182, 1.93878))
((-0.519752, -0.0882598, 10.5716), (-38.0909, -61.7273, 1.53061))
((-0.519752, -0.0882598, 10.5716), (-38.0, -62.0, 1.22449))
((-0.519752, -0.0882598, 10.5716), (-39.1818, -61.4545, 1.12245))
((-0.509946, -0.0784532, 10.5225), (-38.4545, -61.1818, 1.53061))
((-0.509946, -0.0784532, 10.5225), (-37.8182, -61.3636, 0.408163))
((-0.509946, -0.0784532, 10.5225), (-38.8182, -61.3636, 1.42857))
((-0.509946, -0.0784532, 10.5225), (-38.5454, -61.1818, 1.73469))
((-0.509946, -0.0784532, 10.5225), (-38.6364, -61.5454, 1.32653))
((-0.509946, -0.0784532, 10.5225), (-38.4545, -61.3636, 0.714286))
((-0.509946, -0.0784532, 10.5225), (-38.5454, -61.3636, 0.714286))
((-0.509946, -0.0784532, 10.5225), (-38.9091, -60.9091, 1.12245))
((-0.470719, -0.0686465, 10.5716), (-38.6364, -61.5454, 0.408163))
((-0.470719, -0.0686465, 10.5716), (-38.4545, -61.2727, 1.02041))
((-0.470719, -0.0686465, 10.5716), (-38.6364, -61.3636, 0.918367))
((-0.470719, -0.0686465, 10.5716), (-38.3636, -61.0909, 1.32653))
((-0.470719, -0.0686465, 10.5716), (-38.0909, -61.6364, 0.816326))
((-0.470719, -0.0686465, 10.5716), (-38.3636, -60.9091, 1.53061))
((-0.470719, -0.0686465, 10.5716), (-38.0, -61.0, 1.93878))
((-0.470719, -0.0686465, 10.5716), (-38.8182, -60.7273, 0.816326))
((-0.470719, -0.0882598, 10.5421), (-38.3636, -61.1818, 1.12245))
((-0.470719, -0.0882598, 10.5421), (-38.6364, -61.4545, 1.32653))
((-0.470719, -0.0882598, 10.5421), (-38.7273, -61.0, 1.53061))
((-0.470719, -0.0882598, 10.5421), (-39.0, -61.1818, 1.32653))
((-0.470719, -0.0882598, 10.5421), (-38.3636, -60.8182, 1.53061))
((-0.470719, -0.0882598, 10.5421), (-38.2727, -60.9091, 1.32653))
((-0.470719, -0.0882598, 10.5421), (-38.0909, -61.0909, 1.53061))
((-0.519752, -0.0392266, 10.5127), (-39.0, -61.3636, 0.918367))
((-0.519752, -0.0392266, 10.5127), (-38.4545, -61.6364, 0.510204))
((-0.519752, -0.0392266, 10.5127), (-38.9091, -61.5454, 0.612245))
((-0.519752, -0.0392266, 10.5127), (-38.2727, -61.1818, 1.02041))
((-0.519752, -0.0392266, 10.5127), (-38.0909, -61.0, 0.612245))
((-0.519752, -0.0392266, 10.5127), (-38.5454, -61.6364, 1.42857))
((-0.519752, -0.0392266, 10.5127), (-38.5454, -61.1818, 1.32653))
((-0.519752, -0.0392266, 10.5127), (-38.1818, -60.8182, 1.53061))
((-0.470719, -0.0294199, 10.552), (-38.6364, -61.4545, 0.816326))
((-0.470719, -0.0294199, 10.552), (-38.9091, -61.0, 1.53061))
((-0.470719, -0.0294199, 10.552), (-38.8182, -61.1818, 1.12245))
((-0.470719, -0.0294199, 10.552), (-38.8182, -61.2727, 0.816326))
((-0.470719, -0.0294199, 10.552), (-38.9091, -61.0909, 1.22449))
((-0.470719, -0.0294199, 10.552), (-38.5454, -61.2727, 1.22449))
((-0.470719, -0.0294199, 10.552), (-38.6364, -60.7273, 1.32653))
((-0.470719, -0.0294199, 10.552), (-38.7273, -61.7273, 1.32653))
((-0.470719, -0.0294199, 10.552), (-38.4545, -60.6364, 0.918367))
((-0.470719, -0.0882598, 10.552), (-39.0, -61.0, 1.53061))
((-0.470719, -0.0882598, 10.552), (-38.6364, -60.8182, 1.53061))
((-0.470719, -0.0882598, 10.552), (-38.5454, -61.4545, 0.816326))
((-0.470719, -0.0882598, 10.552), (-38.6364, -60.9091, 1.53061))
((-0.470719, -0.0882598, 10.552), (-38.9091, -63.1818, 0.612245))
((-0.470719, -0.0882598, 10.552), (-38.8182, -61.3636, 1.32653))
((-0.470719, -0.0882598, 10.552), (-38.1818, -61.2727, 1.32653))
((-0.470719, -0.0882598, 10.552), (-38.4545, -61.0909, 1.12245))
((-0.470719, -0.0882598, 10.552), (-38.6364, -61.2727, 2.2449))
((-0.519752, -0.0392266, 10.5029), (-37.8182, -60.8182, 0.612245))
((-0.519752, -0.0392266, 10.5029), (-38.2727, -60.9091, 1.12245))
((-0.519752, -0.0392266, 10.5029), (-38.4545, -61.0909, 1.32653))
((-0.519752, -0.0392266, 10.5029), (-39.4545, -61.2727, 1.12245))
((-0.519752, -0.0392266, 10.5029), (-38.8182, -63.5454, 1.42857))
((-0.519752, -0.0392266, 10.5029), (-37.8182, -60.9091, 1.73469))
((-0.519752, -0.0392266, 10.5029), (-38.2727, -61.3636, 1.22449))
((-0.519752, -0.0392266, 10.5029), (-38.5454, -61.3636, 1.32653))
((-0.529559, -0.0294199, 10.5618), (-38.7273, -60.6364, 0.714286))
((-0.529559, -0.0294199, 10.5618), (-38.0, -60.9091, 1.32653))
((-0.529559, -0.0294199, 10.5618), (-37.9091, -60.7273, 0.714286))
((-0.529559, -0.0294199, 10.5618), (-37.9091, -60.7273, 0.816326))
((-0.529559, -0.0294199, 10.5618), (-38.0, -60.5454, 1.53061))
((-0.529559, -0.0294199, 10.5618), (-38.4545, -61.3636, 0.408163))
((-0.529559, -0.0294199, 10.5618), (-38.0, -61.0909, 2.14286))
((-0.529559, -0.0294199, 10.5618), (-38.0909, -61.6364, 1.63265))
((-0.529559, -0.0490332, 10.5618), (-38.6364, -60.6364, 1.22449))
((-0.529559, -0.0490332, 10.5618), (-38.1818, -60.9091, 1.42857))
((-0.529559, -0.0490332, 10.5618), (-39.4545, -61.5454, 1.42857))
((-0.529559, -0.0490332, 10.5618), (-38.2727, -61.0, 1.02041))
((-0.529559, -0.0490332, 10.5618), (-39.0909, -61.1818, 1.32653))
((-0.529559, -0.0490332, 10.5618), (-38.7273, -61.0, 0.918367))
((-0.529559, -0.0490332, 10.5618), (-38.7273, -61.4545, 0.918367))
((-0.529559, -0.0490332, 10.5618), (-38.4545, -60.9091, 1.53061))
((-0.509946, -0.0392266, 10.5323), (-38.7273, -60.4545, 1.32653))
((-0.509946, -0.0392266, 10.5323), (-38.7273, -60.7273, 1.42857))
((-0.509946, -0.0392266, 10.5323), (-38.1818, -60.7273, 1.53061))
((-0.509946, -0.0392266, 10.5323), (-38.0909, -61.1818, 1.32653))
((-0.509946, -0.0392266, 10.5323), (-38.4545, -60.8182, 1.32653))
((-0.470719, -0.0490332, 10.5421), (-39.0, -60.7273, 0.918367))
((-0.470719, -0.0490332, 10.5421), (-38.7273, -60.8182, 1.12245))
((-0.470719, -0.0490332, 10.5421), (-39.0909, -61.1818, 1.83673))
((-0.470719, -0.0490332, 10.5421), (-37.9091, -60.9091, 1.53061))
((-0.470719, -0.0490332, 10.5421), (-38.5454, -61.1818, 0.918367))
((-0.470719, -0.0490332, 10.5421), (-38.5454, -61.4545, 1.12245))
((-0.470719, -0.0490332, 10.5421), (-37.8182, -60.6364, 1.02041))
((-0.470719, -0.0490332, 10.5421), (-38.4545, -60.8182, 1.53061))
((-0.519752, -0.0490332, 10.5421), (-38.0909, -61.3636, 1.63265))
((-0.519752, -0.0490332, 10.5421), (-38.4545, -61.3636, 1.42857))
((-0.519752, -0.0490332, 10.5421), (-38.0909, -62.0909, 0.918367))
((-0.519752, -0.0490332, 10.5421), (-38.9091, -61.0, 1.02041))
((-0.519752, -0.0490332, 10.5421), (-38.2727, -61.1818, 1.32653))
((-0.519752, -0.0490332, 10.5421), (-38.6364, -60.8182, 0.612245))
((-0.519752, -0.0490332, 10.5421), (-37.6364, -61.0, 1.22449))
((-0.509946, -0.0686465, 10.5618), (-38.0, -61.0, 1.73469))
((-0.509946, -0.0686465, 10.5618), (-38.5454, -61.0909, 0.918367))
((-0.509946, -0.0686465, 10.5618), (-38.5454, -61.2727, 2.04082))
((-0.509946, -0.0686465, 10.5618), (-38.2727, -61.1818, 1.32653))
((-0.509946, -0.0686465, 10.5618), (-38.2727, -61.0909, 1.32653))
((-0.509946, -0.0686465, 10.5618), (-38.3636, -61.0, 0.204082))
((-0.509946, -0.0686465, 10.5618), (-38.0, -61.1818, 0.816326))
((-0.509946, -0.0686465, 10.5618), (-38.4545, -60.7273, 0.612245))
((-0.509946, -0.0686465, 10.5618), (-38.0, -60.9091, 1.73469))
((-0.509946, -0.0686465, 10.5618), (-37.9091, -60.9091, 1.22449))
((-0.509946, -0.0294199, 10.5421), (-38.1818, -60.6364, 1.42857))
((-0.509946, -0.0294199, 10.5421), (-38.4545, -60.8182, 1.32653))
((-0.509946, -0.0294199, 10.5421), (-39.0, -61.1818, 1.32653))
((-0.509946, -0.0294199, 10.5421), (-38.6364, -61.1818, 0.918367))
((-0.509946, -0.0294199, 10.5421), (-38.0909, -61.0, 1.02041))
((-0.509946, -0.0294199, 10.5421), (-38.5454, -61.0, 1.42857))
((-0.509946, -0.0294199, 10.5421), (-38.5454, -61.5454, 1.42857))
((-0.509946, -0.0294199, 10.5421), (-38.9091, -61.1818, 1.32653))
((-0.509946, -0.0294199, 10.5421), (-38.7273, -61.0, 1.12245))
((-0.500139, -0.0196133, 10.5127), (-38.2727, -60.7273, 1.22449))
((-0.500139, -0.0196133, 10.5127), (-38.4545, -61.1818, 1.12245))
((-0.500139, -0.0196133, 10.5127), (-38.5454, -61.0, 1.32653))
((-0.500139, -0.0196133, 10.5127), (-38.0909, -60.9091, 1.22449))
((-0.500139, -0.0196133, 10.5127), (-38.6364, -61.0909, 1.53061))
((-0.500139, -0.0196133, 10.5127), (-38.0909, -60.9091, 1.83673))
((-0.500139, -0.0196133, 10.5127), (-38.6364, -60.9091, 1.22449))
((-0.500139, -0.0196133, 10.5127), (-38.9091, -61.0, 1.42857))
((-0.500139, -0.0196133, 10.5127), (-38.3636, -61.0909, 0.918367))
((-0.509946, -0.0294199, 10.5323), (-38.8182, -61.4545, 1.32653))
((-0.509946, -0.0294199, 10.5323), (-38.9091, -60.9091, 2.2449))
((-0.509946, -0.0294199, 10.5323), (-38.7273, -61.2727, 1.42857))
((-0.509946, -0.0294199, 10.5323), (-38.8182, -61.2727, 1.53061))
((-0.509946, -0.0294199, 10.5323), (-39.0, -60.7273, 1.32653))
((-0.509946, -0.0294199, 10.5323), (-38.1818, -61.7273, 0.918367))
((-0.509946, -0.0294199, 10.5323), (-38.3636, -61.1818, 2.04082))
((-0.509946, -0.0294199, 10.5323), (-37.6364, -61.1818, 1.53061))
((-0.500139, -0.0490332, 10.5225), (-38.6364, -61.5454, 1.12245))
((-0.500139, -0.0490332, 10.5225), (-38.2727, -61.3636, 1.53061))
((-0.500139, -0.0490332, 10.5225), (-38.6364, -60.6364, 0.510204))
((-0.500139, -0.0490332, 10.5225), (-38.0909, -61.0909, 0.510204))
((-0.500139, -0.0490332, 10.5225), (-38.0, -60.4545, 1.63265))
((-0.500139, -0.0490332, 10.5225), (-39.4545, -61.0, 1.42857))
((-0.500139, -0.0490332, 10.5225), (-38.7273, -61.6364, 1.12245))
((-0.500139, -0.0490332, 10.5225), (-38.3636, -60.2727, 0.408163))
((-0.509946, -0.0882598, 10.552), (-38.2727, -60.6364, 1.73469))
((-0.509946, -0.0882598, 10.552), (-38.1818, -61.0, 1.83673))
((-0.509946, -0.0882598, 10.552), (-38.0, -61.6364, 0.816326))
((-0.509946, -0.0882598, 10.552), (-39.0, -61.1818, 1.73469))
((-0.509946, -0.0882598, 10.552), (-38.5454, -61.6364, 1.22449))
((-0.509946, -0.0882598, 10.552), (-39.0909, -61.0, 1.22449))
((-0.509946, -0.0882598, 10.552), (-39.0909, -60.7273, 1.63265))
((-0.509946, -0.0490332, 10.5716), (-38.5454, -60.4545, 1.12245))
((-0.509946, -0.0490332, 10.5716), (-38.0909, -61.0909, 1.42857))
((-0.509946, -0.0490332, 10.5716), (-38.3636, -61.1818, 1.02041))
((-0.509946, -0.0490332, 10.5716), (-38.4545, -60.7273, 1.42857))
((-0.509946, -0.0490332, 10.5716), (-38.1818, -61.7273, 1.63265))
((-0.509946, -0.0490332, 10.5716), (-38.2727, -61.3636, 1.53061))
((-0.509946, -0.0490332, 10.5716), (-38.6364, -60.7273, 1.42857))
((-0.490332, -0.0392266, 10.5618), (-38.6364, -61.3636, 0.918367))
((-0.490332, -0.0392266, 10.5618), (-38.4545, -61.1818, 0.204082))
((-0.490332, -0.0392266, 10.5618), (-38.6364, -60.8182, 1.12245))
((-0.490332, -0.0392266, 10.5618), (-38.4545, -61.0, 0.918367))
((-0.490332, -0.0392266, 10.5618), (-38.1818, -60.9091, 1.32653))
((-0.490332, -0.0392266, 10.5618), (-38.8182, -61.1818, 1.12245))
((-0.490332, -0.0392266, 10.5618), (-38.4545, -60.5454, 1.63265))
((-0.490332, -0.0392266, 10.5618), (-38.1818, -61.1818, 1.12245))
((-0.490332, -0.0392266, 10.5618), (-38.5454, -63.2727, 1.32653))
((-0.509946, -0.0490332, 10.5618), (-39.0, -61.7273, 0.816326))
((-0.509946, -0.0490332, 10.5618), (-38.6364, -60.9091, 1.22449))
((-0.509946, -0.0490332, 10.5618), (-39.0, -60.8182, 1.12245))
((-0.509946, -0.0490332, 10.5618), (-38.3636, -60.6364, 0.816326))
((-0.509946, -0.0490332, 10.5618), (-38.6364, -61.3636, 0.816326))
((-0.509946, -0.0490332, 10.5618), (-38.5454, -61.6364, 1.83673))
((-0.509946, -0.0490332, 10.5618), (-38.5454, -60.9091, 1.42857))
((-0.509946, -0.0490332, 10.5618), (-37.9091, -60.9091, 1.22449))
((-0.509946, -0.0490332, 10.5618), (-38.6364, -61.0, 0.816326))
((-0.529559, -0.0588399, 10.5618), (-38.6364, -61.1818, 0.612245))
((-0.529559, -0.0588399, 10.5618), (-38.6364, -60.7273, 0.918367))
((-0.529559, -0.0588399, 10.5618), (-38.5454, -60.7273, 0.918367))
((-0.529559, -0.0588399, 10.5618), (-38.4545, -61.2727, 1.93878))
((-0.529559, -0.0588399, 10.5618), (-38.0909, -60.8182, 1.73469))
((-0.529559, -0.0588399, 10.5618), (-38.6364, -61.0, 1.32653))
((-0.529559, -0.0588399, 10.5618), (-38.4545, -60.8182, 1.42857))
((-0.529559, -0.0588399, 10.5618), (-38.6364, -61.7273, 1.42857))
((-0.529559, -0.0588399, 10.5618), (-38.2727, -61.4545, 1.63265))
((-0.568785, -0.0686465, 10.5421), (-38.6364, -61.5454, 0.408163))
((-0.568785, -0.0686465, 10.5421), (-38.6364, -61.7273, 1.42857))
((-0.568785, -0.0686465, 10.5421), (-39.0, -61.4545, 1.22449))
((-0.568785, -0.0686465, 10.5421), (-38.3636, -61.1818, 1.53061))
((-0.568785, -0.0686465, 10.5421), (-38.4545, -61.0909, 1.63265))
((-0.568785, -0.0686465, 10.5421), (-38.4545, -60.7273, 0.816326))
((-0.568785, -0.0686465, 10.5421), (-38.3636, -61.0909, 1.63265))
((-0.568785, -0.0686465, 10.5421), (-38.7273, -60.2727, 1.63265))
((-0.519752, -0.0392266, 10.5029), (-38.0909, -60.8182, 1.02041))
((-0.519752, -0.0392266, 10.5029), (-38.8182, -60.9091, 1.63265))
((-0.519752, -0.0392266, 10.5029), (-38.2727, -61.0, 1.63265))
((-0.519752, -0.0392266, 10.5029), (-38.0909, -65.0, 0.0))
((-0.519752, -0.0392266, 10.5029), (-38.2727, -61.5454, 1.32653))
((-0.519752, -0.0392266, 10.5029), (-38.5454, -61.1818, 1.53061))
((-0.519752, -0.0392266, 10.5029), (-38.7273, -61.4545, 1.53061))
((-0.519752, -0.0392266, 10.5029), (-38.0909, -60.9091, 1.42857))
((-0.558979, -0.0392266, 10.5323), (-38.3636, -61.1818, 1.53061))
((-0.558979, -0.0392266, 10.5323), (-37.8182, -61.1818, 1.12245))
((-0.558979, -0.0392266, 10.5323), (-38.8182, -60.0909, 1.73469))
((-0.558979, -0.0392266, 10.5323), (-38.1818, -60.9091, 1.02041))
((-0.558979, -0.0392266, 10.5323), (-38.3636, -60.9091, 1.12245))
((-0.539366, -0.0588399, 10.5323), (-38.2727, -60.9091, 1.42857))
((-0.539366, -0.0588399, 10.5323), (-38.5454, -60.4545, 1.32653))
((-0.539366, -0.0588399, 10.5323), (-38.6364, -61.6364, 0.918367))
((-0.539366, -0.0588399, 10.5323), (-38.4545, -61.1818, 1.02041))
((-0.539366, -0.0588399, 10.5323), (-38.8182, -60.6364, 1.42857))
((-0.539366, -0.0588399, 10.5323), (-37.8182, -61.4545, 1.02041))
((-0.539366, -0.0588399, 10.5323), (-38.9091, -61.0, 0.918367))
((-0.539366, -0.0588399, 10.5323), (-38.5454, -60.4545, 1.22449))
((-0.490332, -0.107873, 10.5127), (-38.2727, -61.0909, 1.32653))
((-0.490332, -0.107873, 10.5127), (-38.6364, -61.1818, 1.12245))
((-0.490332, -0.107873, 10.5127), (-38.7273, -60.3636, 1.63265))
((-0.490332, -0.107873, 10.5127), (-38.1818, -60.9091, 1.42857))
((-0.490332, -0.107873, 10.5127), (-38.5454, -61.0, 0.612245))
((-0.490332, -0.107873, 10.5127), (-38.4545, -60.6364, 0.408163))
((-0.490332, -0.107873, 10.5127), (-38.7273, -60.6364, 1.63265))
((-0.558979, -0.00980665, 10.5618), (-37.8182, -60.9091, 1.42857))
((-0.558979, -0.00980665, 10.5618), (-38.2727, -61.2727, 0.816326))
((-0.558979, -0.00980665, 10.5618), (-39.0, -61.3636, 1.42857))
((-0.558979, -0.00980665, 10.5618), (-38.9091, -60.5454, 1.53061))
((-0.558979, -0.00980665, 10.5618), (-38.9091, -61.2727, 1.22449))
((-0.558979, -0.00980665, 10.5618), (-39.0909, -61.3636, 1.63265))
((-0.558979, -0.00980665, 10.5618), (-38.4545, -60.7273, 1.02041))
((-0.558979, -0.00980665, 10.5618), (-38.6364, -61.0, 0.714286))
((-0.558979, -0.00980665, 10.5618), (-38.4545, -61.6364, 0.816326))
((-0.539366, -0.0490332, 10.5323), (-38.2727, -60.9091, 1.12245))
((-0.539366, -0.0490332, 10.5323), (-38.2727, -61.0909, 0.918367))
((-0.539366, -0.0490332, 10.5323), (-38.1818, -61.1818, 1.53061))
((-0.539366, -0.0490332, 10.5323), (-38.8182, -60.6364, 2.04082))
((-0.539366, -0.0490332, 10.5323), (-38.6364, -61.0, 0.918367))
((-0.539366, -0.0490332, 10.5323), (-38.7273, -60.9091, 0.918367))
((-0.539366, -0.0490332, 10.5323), (-38.9091, -60.7273, 1.22449))
((-0.539366, -0.0490332, 10.5323), (-39.0909, -61.5454, 1.32653))
((-0.539366, -0.0490332, 10.5323), (-38.0909, -61.5454, 1.22449))
((-0.539366, -0.0490332, 10.5912), (-38.3636, -61.3636, 1.42857))
((-0.539366, -0.0490332, 10.5912), (-38.4545, -61.0909, 1.02041))
((-0.539366, -0.0490332, 10.5912), (-38.5454, -60.5454, 1.63265))
((-0.539366, -0.0490332, 10.5912), (-38.2727, -60.9091, 1.42857))
((-0.539366, -0.0490332, 10.5912), (-38.4545, -61.1818, 0.918367))
((-0.539366, -0.0490332, 10.5912), (-37.8182, -61.2727, 1.02041))
((-0.539366, -0.0490332, 10.5912), (-38.0, -60.2727, 0.816326))
((-0.539366, -0.0490332, 10.5912), (-38.0, -61.5454, 0.918367))
((-0.539366, -0.0490332, 10.5912), (-39.0909, -60.9091, 1.53061))
((-0.539366, -0.0588399, 10.5323), (-38.1818, -60.9091, 1.42857))
((-0.539366, -0.0588399, 10.5323), (-38.4545, -61.0909, 1.53061))
((-0.539366, -0.0588399, 10.5323), (-38.2727, -60.2727, 1.53061))
((-0.539366, -0.0588399, 10.5323), (-38.0, -61.0909, 1.12245))
((-0.539366, -0.0588399, 10.5323), (-38.0, -60.9091, 0.816326))
((-0.539366, -0.0588399, 10.5323), (-37.7273, -61.0909, 1.12245))
((-0.539366, -0.0588399, 10.5323), (-38.5454, -60.7273, 1.02041))
((-0.539366, -0.0588399, 10.5323), (-38.1818, -60.9091, 1.42857))
((-0.539366, -0.0588399, 10.5323), (-38.8182, -60.7273, 1.22449))
((-0.549172, -0.0392266, 10.5029), (-38.5454, -61.0, 1.42857))
((-0.549172, -0.0392266, 10.5029), (-38.6364, -63.4545, 1.02041))
((-0.549172, -0.0392266, 10.5029), (-38.1818, -61.1818, 0.612245))
((-0.549172, -0.0392266, 10.5029), (-38.5454, -61.0, 1.53061))
((-0.549172, -0.0392266, 10.5029), (-38.0909, -60.7273, 0.816326))
((-0.549172, -0.0392266, 10.5029), (-38.4545, -60.6364, 1.02041))
((-0.549172, -0.0392266, 10.5029), (-38.0, -61.0909, 1.02041))
((-0.549172, -0.0392266, 10.5029), (-38.2727, -61.1818, 1.83673))
((-0.490332, -0.0784532, 10.5421), (-38.4545, -61.2727, 0.306122))
((-0.490332, -0.0784532, 10.5421), (-38.1818, -60.6364, 1.12245))
((-0.490332, -0.0784532, 10.5421), (-39.0909, -60.6364, 1.83673))
((-0.490332, -0.0784532, 10.5421), (-38.4545, -60.5454, 0.714286))
((-0.490332, -0.0784532, 10.5421), (-38.4545, -60.9091, 1.22449))
((-0.490332, -0.0784532, 10.5421), (-38.2727, -61.0909, 1.63265))
((-0.490332, -0.0784532, 10.5421), (-39.0, -61.0909, 1.42857))
((-0.529559, -0.0490332, 10.552), (-38.5454, -61.0909, 0.510204))
((-0.529559, -0.0490332, 10.552), (-38.1818, -61.0, 0.510204))
((-0.529559, -0.0490332, 10.552), (-38.1818, -61.2727, 0.816326))
((-0.529559, -0.0490332, 10.552), (-38.4545, -60.2727, 0.510204))
((-0.529559, -0.0490332, 10.552), (-38.3636, -61.0, 1.02041))
((-0.529559, -0.0490332, 10.552), (-38.8182, -61.3636, 0.816326))
((-0.529559, -0.0490332, 10.552), (-38.9091, -60.5454, 1.32653))
((-0.529559, -0.0882598, 10.5029), (-38.3636, -60.8182, 1.73469))
((-0.529559, -0.0882598, 10.5029), (-38.5454, -61.1818, 0.918367))
((-0.529559, -0.0882598, 10.5029), (-37.8182, -60.3636, 1.53061))
((-0.529559, -0.0882598, 10.5029), (-38.0909, -61.0, 0.714286))
((-0.529559, -0.0882598, 10.5029), (-38.4545, -61.0, 0.714286))
((-0.529559, -0.0882598, 10.5029), (-38.5454, -63.7273, 0.408163))
((-0.529559, -0.0882598, 10.5029), (-38.1818, -61.1818, 1.22449))
((-0.519752, -0.0686465, 10.5421), (-38.2727, -60.6364, 1.42857))
((-0.519752, -0.0686465, 10.5421), (-38.9091, -60.2727, 1.02041))
((-0.519752, -0.0686465, 10.5421), (-37.7273, -60.6364, 1.02041))
((-0.519752, -0.0686465, 10.5421), (-38.3636, -61.0909, 0.510204))
((-0.519752, -0.0686465, 10.5421), (-38.7273, -60.9091, 1.53061))
((-0.519752, -0.0686465, 10.5421), (-38.8182, -60.8182, -0.102041))
((-0.519752, -0.0686465, 10.5421), (-38.4545, -60.7273, 0.714286))
((-0.519752, -0.0686465, 10.5421), (-37.9091, -60.5454, 1.22449))
((-0.519752, -0.0686465, 10.5421), (-38.7273, -61.0909, 1.63265))
((-0.519752, -0.0686465, 10.5421), (-38.4545, -61.2727, 1.02041))
((-0.519752, -0.0588399, 10.5225), (-38.3636, -60.8182, 0.816326))
((-0.519752, -0.0588399, 10.5225), (-39.0, -61.1818, 1.73469))
((-0.519752, -0.0588399, 10.5225), (-38.9091, -60.9091, 1.73469))
((-0.519752, -0.0588399, 10.5225), (-38.0909, -61.3636, 1.42857))
((-0.519752, -0.0588399, 10.5225), (-38.2727, -60.9091, 1.53061))
((-0.519752, -0.0588399, 10.5225), (-38.3636, -61.0, 0.510204))
((-0.519752, -0.0588399, 10.5225), (-38.5454, -61.9091, 1.12245))
((-0.519752, -0.0588399, 10.5225), (-38.1818, -63.7273, 0.918367))
((-0.519752, -0.0588399, 10.5225), (-38.9091, -61.0, 1.12245))
((-0.539366, -0.0882598, 10.552), (-38.1818, -60.7273, 1.02041))
((-0.539366, -0.0882598, 10.552), (-38.2727, -60.9091, 0.918367))
((-0.539366, -0.0882598, 10.552), (-38.2727, -61.1818, 1.42857))
((-0.539366, -0.0882598, 10.552), (-37.8182, -60.6364, 1.12245))
((-0.539366, -0.0882598, 10.552), (-37.8182, -60.5454, 1.53061))
((-0.539366, -0.0882598, 10.552), (-38.8182, -62.0, 0.306122))
((-0.539366, -0.0882598, 10.552), (-38.5454, -61.1818, 1.02041))
((-0.539366, -0.0882598, 10.552), (-38.6364, -61.0909, 2.04082))
((-0.519752, -0.0490332, 10.601), (-38.3636, -61.5454, 2.14286))
((-0.519752, -0.0490332, 10.601), (-38.0, -61.2727, 1.42857))
((-0.519752, -0.0490332, 10.601), (-38.4545, -60.8182, 0.918367))
((-0.519752, -0.0490332, 10.601), (-38.4545, -60.9091, 1.12245))
((-0.519752, -0.0490332, 10.601), (-38.7273, -61.0909, 1.02041))
((-0.519752, -0.0490332, 10.601), (-39.1818, -60.4545, 0.918367))
((-0.519752, -0.0490332, 10.601), (-38.1818, -61.0, 1.73469))
((-0.519752, -0.0490332, 10.601), (-38.7273, -61.4545, 1.12245))
((-0.470719, -0.0686465, 10.5618), (-38.8182, -61.0909, 0.714286))
((-0.470719, -0.0686465, 10.5618), (-38.4545, -61.2727, 1.32653))
((-0.470719, -0.0686465, 10.5618), (-38.3636, -60.6364, 0.612245))
((-0.470719, -0.0686465, 10.5618), (-38.4545, -61.8182, 1.32653))
((-0.470719, -0.0686465, 10.5618), (-38.6364, -61.3636, 0.816326))
((-0.470719, -0.0686465, 10.5618), (-38.8182, -60.9091, 1.32653))
((-0.470719, -0.0686465, 10.5618), (-38.5454, -60.8182, 2.7551))
((-0.509946, -0.0490332, 10.5421), (-39.0909, -60.7273, 0.510204))
((-0.509946, -0.0490332, 10.5421), (-38.3636, -64.5454, 1.02041))
((-0.509946, -0.0490332, 10.5421), (-38.4545, -60.8182, 0.918367))
((-0.509946, -0.0490332, 10.5421), (-39.1818, -61.0909, 1.53061))
((-0.509946, -0.0490332, 10.5421), (-38.8182, -61.2727, 1.42857))
((-0.509946, -0.0490332, 10.5421), (-38.4545, -61.1818, 1.32653))
((-0.500139, -0.0392266, 10.5912), (-38.2727, -61.0909, 1.63265))
((-0.500139, -0.0392266, 10.5912), (-38.2727, -61.0, 0.612245))
((-0.500139, -0.0392266, 10.5912), (-38.9091, -61.0909, 1.22449))
((-0.500139, -0.0392266, 10.5912), (-38.3636, -60.3636, 1.83673))
((-0.500139, -0.0392266, 10.5912), (-38.2727, -61.2727, 1.42857))
((-0.500139, -0.0392266, 10.5912), (-38.1818, -60.6364, 1.32653))
((-0.500139, -0.0392266, 10.5912), (-39.1818, -61.1818, 1.53061))
((-0.500139, -0.0392266, 10.5912), (-38.2727, -61.6364, 0.918367))
((-0.490332, -0.0392266, 10.5618), (-38.1818, -61.0, 1.42857))
((-0.490332, -0.0392266, 10.5618), (-38.2727, -60.0, 1.32653))
((-0.490332, -0.0392266, 10.5618), (-39.0909, -61.0909, 1.22449))
((-0.490332, -0.0392266, 10.5618), (-38.7273, -61.5454, 0.612245))
((-0.490332, -0.0392266, 10.5618), (-38.0, -60.6364, 0.510204))
((-0.490332, -0.0392266, 10.5618), (-39.2727, -60.8182, 0.714286))
((-0.490332, -0.0392266, 10.5618), (-38.2727, -61.7273, 0.816326))
((-0.509946, -0.0588399, 10.552), (-37.4545, -60.7273, 1.32653))
((-0.509946, -0.0588399, 10.552), (-38.4545, -61.0, 0.816326))
((-0.509946, -0.0588399, 10.552), (-38.1818, -60.5454, 1.22449))
((-0.509946, -0.0588399, 10.552), (-38.2727, -61.0909, 1.42857))
((-0.509946, -0.0588399, 10.552), (-38.9091, -61.1818, 1.32653))
((-0.509946, -0.0588399, 10.552), (-38.5454, -60.7273, 0.714286))
((-0.509946, -0.0588399, 10.552), (-38.0, -61.4545, 1.02041))
((-0.509946, -0.0588399, 10.552), (-38.1818, -60.6364, 0.816326))
((-0.509946, -0.0588399, 10.552), (-38.2727, -61.5454, 1.12245))
((-0.509946, -0.0588399, 10.552), (-37.6364, -60.6364, 0.816326))
