((-0.509946, -0.0686465, 10.552), (-38.8182, -60.0909, 3.2653))
((-0.509946, -0.0686465, 10.552), (-39.0, -60.0909, 3.87755))
((-0.509946, -0.0686465, 10.552), (-39.2727, -59.7273, 3.46939))
((-0.509946, -0.0686465, 10.552), (-38.8182, -59.7273, 4.08163))
((-0.509946, -0.0686465, 10.552), (-39.3636, -59.9091, 3.36735))
((-0.519752, -0.0882598, 10.5421), (-39.4545, -60.4545, 3.77551))
((-0.519752, -0.0882598, 10.5421), (-38.6364, -60.6364, 3.77551))
((-0.519752, -0.0882598, 10.5421), (-39.8182, -60.1818, 3.67347))
((-0.519752, -0.0882598, 10.5421), (-39.2727, -60.5454, 3.77551))
((-0.519752, -0.0882598, 10.5421), (-38.8182, -60.1818, 3.77551))
((-0.519752, -0.0882598, 10.5421), (-38.7273, -60.5454, 3.46939))
((-0.519752, -0.0882598, 10.5421), (-38.6364, -60.6364, 4.38775))
((-0.519752, -0.0882598, 10.5421), (-39.0, -60.3636, 3.87755))
((-0.519752, -0.0882598, 10.5421), (-39.0, -60.8182, 3.77551))
((-0.519752, -0.0882598, 10.5421), (-38.5454, -59.7273, 4.28571))
((-0.529559, -0.00980665, 10.552), (-39.2727, -60.8182, 3.46939))
((-0.529559, -0.00980665, 10.552), (-38.9091, -60.0, 4.08163))
((-0.529559, -0.00980665, 10.552), (-39.0909, -60.6364, 3.77551))
((-0.529559, -0.00980665, 10.552), (-38.6364, -60.1818, 3.16326))
((-0.529559, -0.00980665, 10.552), (-39.0909, -62.8182, 3.57143))
((-0.529559, -0.00980665, 10.552), (-39.2727, -59.9091, 3.77551))
((-0.529559, -0.00980665, 10.552), (-39.1818, -60.4545, 4.38775))
((-0.529559, -0.00980665, 10.552), (-39.1818, -60.2727, 3.46939))
((-0.509946, -0.0490332, 10.5225), (-39.3636, -59.7273, 3.2653))
((-0.509946, -0.0490332, 10.5225), (-38.6364, -60.3636, 3.57143))
((-0.509946, -0.0490332, 10.5225), (-39.3636, -64.0, 3.2653))
((-0.509946, -0.0490332, 10.5225), (-38.9091, -60.0, 4.4898))
((-0.509946, -0.0490332, 10.5225), (-39.1818, -59.6364, 3.77551))
((-0.509946, -0.0490332, 10.5225), (-38.6364, -60.1818, 3.57143))
((-0.509946, -0.0490332, 10.5225), (-38.5454, -59.4545, 3.46939))
((-0.509946, -0.0490332, 10.5225), (-39.0, -60.5454, 4.38775))
((-0.509946, -0.0490332, 10.5225), (-38.5454, -59.9091, 3.97959))
((-0.549172, -0.0882598, 10.5421), (-38.9091, -60.4545, 3.97959))
((-0.549172, -0.0882598, 10.5421), (-38.7273, -60.1818, 3.46939))
((-0.549172, -0.0882598, 10.5421), (-38.8182, -60.0, 2.95918))
((-0.549172, -0.0882598, 10.5421), (-38.9091, -60.0, 4.28571))
((-0.549172, -0.0882598, 10.5421), (-39.0, -60.0909, 4.38775))
((-0.549172, -0.0882598, 10.5421), (-39.2727, -60.1818, 4.08163))
((-0.549172, -0.0882598, 10.5421), (-38.9091, -60.1818, 3.16326))
((-0.549172, -0.0882598, 10.5421), (-38.8182, -59.9091, 3.57143))
((-0.558979, -0.0588399, 10.552), (-38.5454, -59.6364, 4.28571))
((-0.558979, -0.0588399, 10.552), (-39.4545, -60.0, 4.18367))
((-0.558979, -0.0588399, 10.552), (-38.3636, -59.6364, 3.46939))
((-0.558979, -0.0588399, 10.552), (-39.2727, -60.3636, 3.87755))
((-0.558979, -0.0588399, 10.552), (-38.9091, -59.9091, 4.18367))
((-0.558979, -0.0588399, 10.552), (-38.3636, -60.3636, 3.67347))
((-0.558979, -0.0588399, 10.552), (-39.0, -60.1818, 3.67347))
((-0.509946, -0.0196133, 10.552), (-39.2727, -59.6364, 3.97959))
((-0.509946, -0.0196133, 10.552), (-38.8182, -59.8182, 3.87755))
((-0.509946, -0.0196133, 10.552), (-39.0, -60.0909, 3.46939))
((-0.509946, -0.0196133, 10.552), (-39.1818, -59.6364, 3.46939))
((-0.509946, -0.0196133, 10.552), (-39.2727, -60.0909, 3.97959))
((-0.509946, -0.0196133, 10.552), (-38.2727, -60.0909, 3.46939))
((-0.509946, -0.0196133, 10.552), (-38.6364, -59.9091, 3.97959))
((-0.509946, -0.0196133, 10.552), (-38.9091, -60.2727, 3.36735))
((-0.539366, -0.0490332, 10.5029), (-38.9091, -60.0909, 3.16326))
((-0.539366, -0.0490332, 10.5029), (-39.3636, -60.1818, 3.97959))
((-0.539366, -0.0490332, 10.5029), (-39.0, -60.0909, 3.36735))
((-0.539366, -0.0490332, 10.5029), (-39.3636, -59.7273, 3.87755))
((-0.539366, -0.0490332, 10.5029), (-38.7273, -60.2727, 4.18367))
((-0.539366, -0.0490332, 10.5029), (-39.6364, -63.1818, 3.57143))
((-0.539366, -0.0490332, 10.5029), (-39.0909, -60.2727, 3.57143))
((-0.529559, -0.0588399, 10.5618), (-39.4545, -60.0, 4.28571))
((-0.529559, -0.0588399, 10.5618), (-38.6364, -59.7273, 4.08163))
((-0.529559, -0.0588399, 10.5618), (-39.1818, -60.0909, 3.77551))
((-0.529559, -0.0588399, 10.5618), (-38.5454, -62.4545, 3.46939))
((-0.529559, -0.0588399, 10.5618), (-38.5454, -60.0, 3.2653))
((-0.529559, -0.0588399, 10.5618), (-39.0, -60.0909, 3.46939))
((-0.529559, -0.0588399, 10.5618), (-38.7273, -59.8182, 4.08163))
((-0.529559, -0.0588399, 10.5618), (-39.4545, -60.7273, 4.08163))
((-0.549172, -0.0490332, 10.5225), (-38.6364, -60.6364, 3.16326))
((-0.549172, -0.0490332, 10.5225), (-38.5454, -60.1818, 3.77551))
((-0.549172, -0.0490332, 10.5225), (-38.8182, -59.9091, 3.46939))
((-0.549172, -0.0490332, 10.5225), (-38.4545, -59.6364, 3.57143))
((-0.549172, -0.0490332, 10.5225), (-38.5454, -60.2727, 3.97959))
((-0.549172, -0.0490332, 10.5225), (-39.3636, -60.0, 2.95918))
((-0.549172, -0.0490332, 10.5225), (-39.6364, -60.2727, 4.18367))
((-0.549172, -0.0490332, 10.5225), (-38.8182, -59.7273, 4.59184))
((-0.549172, -0.0490332, 10.5225), (-39.1818, -59.9091, 4.08163))
((-0.529559, -0.0882598, 10.5912), (-38.9091, -60.7273, 3.87755))
((-0.529559, -0.0882598, 10.5912), (-39.0, -60.5454, 3.2653))
((-0.529559, -0.0882598, 10.5912), (-38.5454, -60.1818, 3.57143))
((-0.529559, -0.0882598, 10.5912), (-38.8182, -59.5454, 3.57143))
((-0.529559, -0.0882598, 10.5912), (-39.0909, -60.6364, 4.18367))
((-0.529559, -0.0882598, 10.5912), (-38.7273, -60.1818, 3.46939))
((-0.549172, -0.0784532, 10.5421), (-38.5454, -60.2727, 4.18367))
((-0.549172, -0.0784532, 10.5421), (-38.9091, -60.2727, 3.77551))
((-0.549172, -0.0784532, 10.5421), (-38.5454, -60.0909, 4.08163))
((-0.549172, -0.0784532, 10.5421), (-39.1818, -59.7273, 3.77551))
((-0.549172, -0.0784532, 10.5421), (-39.0909, -59.8182, 4.08163))
((-0.549172, -0.0784532, 10.5421), (-39.1818, -60.3636, 3.46939))
((-0.549172, -0.0784532, 10.5421), (-38.5454, -59.5454, 3.16326))
((-0.549172, -0.0784532, 10.5421), (-38.9091, -60.5454, 4.38775))
((-0.549172, -0.0784532, 10.5421), (-39.1818, -59.9091, 4.38775))
((-0.549172, -0.0490332, 10.5421), (-39.1818, -60.2727, 4.28571))
((-0.549172, -0.0490332, 10.5421), (-38.7273, -60.2727, 3.2653))
((-0.549172, -0.0490332, 10.5421), (-38.9091, -60.4545, 3.57143))
((-0.549172, -0.0490332, 10.5421), (-39.1818, -59.8182, 3.97959))
((-0.549172, -0.0490332, 10.5421), (-38.8182, -59.6364, 3.67347))
((-0.549172, -0.0490332, 10.5421), (-39.0, -60.0909, 3.67347))
((-0.549172, -0.0490332, 10.5421), (-39.1818, -59.5454, 3.77551))
((-0.549172, -0.0490332, 10.5421), (-39.2727, -59.5454, 3.87755))
((-0.558979, -0.0392266, 10.5421), (-38.1818, -62.3636, 3.87755))
((-0.558979, -0.0392266, 10.5421), (-38.1818, -59.9091, 3.67347))
((-0.558979, -0.0392266, 10.5421), (-38.5454, -60.0, 4.08163))
((-0.558979, -0.0392266, 10.5421), (-38.7273, -59.6364, 4.08163))
((-0.558979, -0.0392266, 10.5421), (-39.0, -59.2727, 4.59184))
((-0.558979, -0.0392266, 10.5421), (-39.2727, -59.5454, 3.57143))
((-0.558979, -0.0392266, 10.5421), (-38.8182, -60.4545, 3.97959))
((-0.558979, -0.0392266, 10.5421), (-39.0909, -59.9091, 3.87755))
((-0.509946, 0.0196133, 10.5618), (-39.5454, -59.9091, 4.59184))
((-0.509946, 0.0196133, 10.5618), (-39.1818, -59.3636, 4.4898))
((-0.509946, 0.0196133, 10.5618), (-39.3636, -59.9091, 5.71428))
((-0.509946, 0.0196133, 10.5618), (-39.3636, -59.7273, 6.42857))
((-0.509946, 0.0196133, 10.5618), (-39.7273, -60.0909, 6.42857))
((-0.509946, 0.0196133, 10.5618), (-39.7273, -60.0909, 6.22449))
((-0.509946, 0.0196133, 10.5618), (-39.4545, -60.0909, 7.04082))
((-0.509946, 0.0196133, 10.5618), (-39.7273, -60.2727, 6.32653))
((-0.539366, -0.0392266, 10.5127), (-41.3636, -60.0909, 7.2449))
((-0.539366, -0.0392266, 10.5127), (-39.5454, -59.8182, 7.14286))
((-0.539366, -0.0392266, 10.5127), (-40.0, -59.8182, 7.85714))
((-0.539366, -0.0392266, 10.5127), (-40.4545, -59.5454, 8.06122))
((-0.539366, -0.0392266, 10.5127), (-41.1818, -59.0, 9.08163))
((-0.539366, -0.0392266, 10.5127), (-40.9091, -59.6364, 9.28571))
((-0.539366, -0.0392266, 10.5127), (-41.4545, -59.5454, 9.89796))
((-0.549172, -0.0294199, 10.5225), (-41.5454, -58.9091, 9.79591))
((-0.549172, -0.0294199, 10.5225), (-41.6364, -59.3636, 10.102))
((-0.549172, -0.0294199, 10.5225), (-42.9091, -60.2727, 11.7347))
((-0.549172, -0.0294199, 10.5225), (-43.0, -59.8182, 12.1429))
((-0.549172, -0.0294199, 10.5225), (-44.2727, -59.6364, 12.1429))
((-0.549172, -0.0294199, 10.5225), (-44.0, -59.4545, 12.8571))
((-0.549172, -0.0294199, 10.5225), (-44.0909, -59.7273, 12.7551))
((-0.549172, -0.0294199, 10.5225), (-43.8182, -59.4545, 13.1633))
((-0.549172, -0.0294199, 10.5225), (-44.5454, -58.8182, 13.4694))
((-0.588399, -0.0784532, 10.5127), (-45.1818, -59.4545, 14.1837))
((-0.588399, -0.0784532, 10.5127), (-45.1818, -59.1818, 14.1837))
((-0.588399, -0.0784532, 10.5127), (-45.0, -59.7273, 15.102))
((-0.588399, -0.0784532, 10.5127), (-45.6364, -58.9091, 15.3061))
((-0.588399, -0.0784532, 10.5127), (-45.9091, -59.2727, 15.4082))
((-0.588399, -0.0784532, 10.5127), (-46.2727, -58.4545, 15.102))
((-0.588399, -0.0784532, 10.5127), (-46.5454, -59.0, 15.8163))
((-0.588399, -0.0784532, 10.5127), (-46.7273, -58.8182, 15.9184))
((-0.588399, -0.0784532, 10.5127), (-47.2727, -59.0909, 16.0204))
((-0.549172, 0.0, 10.552), (-47.0909, -59.0, 15.9184))
((-0.549172, 0.0, 10.552), (-48.0, -58.8182, 16.3265))
((-0.549172, 0.0, 10.552), (-48.9091, -59.0909, 16.7347))
((-0.549172, 0.0, 10.552), (-48.3636, -58.6364, 17.6531))
((-0.549172, 0.0, 10.552), (-48.9091, -59.1818, 17.3469))
((-0.549172, 0.0, 10.552), (-49.3636, -58.3636, 17.551))
((-0.549172, 0.0, 10.552), (-49.4545, -58.2727, 17.9592))
((-0.549172, 0.0, 10.552), (-49.9091, -58.8182, 17.551))
((-0.627625, -0.0980665, 10.5225), (-50.3636, -60.9091, 18.3673))
((-0.627625, -0.0980665, 10.5225), (-50.8182, -58.5454, 18.6735))
((-0.627625, -0.0980665, 10.5225), (-51.1818, -58.8182, 18.2653))
((-0.627625, -0.0980665, 10.5225), (-52.3636, -58.8182, 18.8775))
((-0.627625, -0.0980665, 10.5225), (-52.4545, -58.9091, 19.1837))
((-0.627625, -0.0980665, 10.5225), (-52.5454, -58.5454, 17.9592))
((-0.627625, -0.0980665, 10.5225), (-53.0, -58.4545, 19.5918))
((-0.627625, -0.0980665, 10.5225), (-53.0, -58.7273, 19.8979))
((-0.627625, -0.0980665, 10.5225), (-53.7273, -58.0909, 19.4898))
((-0.598205, -0.0490332, 10.5421), (-53.7273, -59.1818, 19.5918))
((-0.598205, -0.0490332, 10.5421), (-54.7273, -58.7273, 19.2857))
((-0.598205, -0.0490332, 10.5421), (-54.5454, -59.0, 19.5918))
((-0.598205, -0.0490332, 10.5421), (-55.7273, -58.0909, 19.0816))
((-0.598205, -0.0490332, 10.5421), (-56.0, -57.8182, 19.6939))
((-0.598205, -0.0490332, 10.5421), (-55.5454, -58.1818, 20.5102))
((-0.598205, -0.0490332, 10.5421), (-56.4545, -58.0, 19.6939))
((-0.598205, -0.0490332, 10.5421), (-57.0, -58.5454, 19.7959))
((-0.637432, -0.107873, 10.552), (-58.1818, -58.7273, 19.4898))
((-0.637432, -0.107873, 10.552), (-58.0909, -58.1818, 20.2041))
((-0.637432, -0.107873, 10.552), (-58.2727, -58.0, 19.8979))
((-0.637432, -0.107873, 10.552), (-59.2727, -57.6364, 19.2857))
((-0.637432, -0.107873, 10.552), (-60.1818, -57.7273, 19.5918))
((-0.637432, -0.107873, 10.552), (-60.0, -58.5454, 19.6939))
((-0.637432, -0.107873, 10.552), (-60.9091, -58.7273, 19.3877))
((-0.617819, -0.0980665, 10.5421), (-61.3636, -57.9091, 19.8979))
((-0.617819, -0.0980665, 10.5421), (-62.3636, -58.6364, 19.0816))
((-0.617819, -0.0980665, 10.5421), (-62.7273, -58.0, 19.1837))
((-0.617819, -0.0980665, 10.5421), (-63.1818, -58.5454, 18.6735))
((-0.617819, -0.0980665, 10.5421), (-64.5454, -57.9091, 18.6735))
((-0.617819, -0.0980665, 10.5421), (-65.2727, -57.2727, 18.1633))
((-0.617819, -0.0980665, 10.5421), (-66.0909, -58.0909, 18.4694))
((-0.617819, -0.0980665, 10.5421), (-66.5454, -57.3636, 18.0612))
((-0.608012, -0.127486, 10.5225), (-67.0909, -57.7273, 17.6531))
((-0.608012, -0.127486, 10.5225), (-67.0909, -57.4545, 17.3469))
((-0.608012, -0.127486, 10.5225), (-66.9091, -57.7273, 17.7551))
((-0.608012, -0.127486, 10.5225), (-68.3636, -58.0909, 16.5306))
((-0.608012, -0.127486, 10.5225), (-68.9091, -58.0, 15.9184))
((-0.608012, -0.127486, 10.5225), (-69.2727, -57.9091, 16.1224))
((-0.608012, -0.127486, 10.5225), (-69.7272, -58.0, 15.0))
((-0.647239, -0.11768, 10.5421), (-70.7272, -58.4545, 14.5918))
((-0.647239, -0.11768, 10.5421), (-71.0909, -57.2727, 14.1837))
((-0.647239, -0.11768, 10.5421), (-70.5454, -57.1818, 14.5918))
((-0.647239, -0.11768, 10.5421), (-71.0909, -57.8182, 13.3673))
((-0.647239, -0.11768, 10.5421), (-71.1818, -57.7273, 13.2653))
((-0.647239, -0.11768, 10.5421), (-71.5454, -58.0909, 13.6735))
((-0.647239, -0.11768, 10.5421), (-72.4545, -57.6364, 13.7755))
((-0.647239, -0.11768, 10.5421), (-71.6363, -58.2727, 12.2449))
((-0.558979, -0.166713, 10.5618), (-72.4545, -57.8182, 12.2449))
((-0.558979, -0.166713, 10.5618), (-72.4545, -57.4545, 12.0408))
((-0.558979, -0.166713, 10.5618), (-73.0, -57.8182, 12.3469))
((-0.558979, -0.166713, 10.5618), (-74.0, -57.3636, 9.59184))
((-0.558979, -0.166713, 10.5618), (-74.0, -58.0909, 9.79591))
((-0.558979, -0.166713, 10.5618), (-74.6364, -57.9091, 9.69387))
((-0.558979, -0.166713, 10.5618), (-74.9091, -60.0909, 8.36734))
((-0.627625, -0.186326, 10.5421), (-74.5454, -57.5454, 8.57143))
((-0.627625, -0.186326, 10.5421), (-73.9091, -57.9091, 8.16326))
((-0.627625, -0.186326, 10.5421), (-75.2727, -57.0909, 7.65306))
((-0.627625, -0.186326, 10.5421), (-74.0909, -58.1818, 7.44898))
((-0.627625, -0.186326, 10.5421), (-74.9091, -57.6364, 6.53061))
((-0.627625, -0.186326, 10.5421), (-74.8182, -57.4545, 5.71428))
((-0.627625, -0.186326, 10.5421), (-75.1818, -57.9091, 4.79592))
((-0.627625, -0.186326, 10.5421), (-75.9091, -57.4545, 4.59184))
((-0.627625, -0.186326, 10.5421), (-75.6364, -57.8182, 3.2653))
((-0.608012, -0.107873, 10.552), (-75.2727, -58.0909, 3.77551))
((-0.608012, -0.107873, 10.552), (-75.3636, -57.7273, 3.16326))
((-0.608012, -0.107873, 10.552), (-75.4545, -57.6364, 2.34694))
((-0.608012, -0.107873, 10.552), (-76.1818, -57.3636, 2.14286))
((-0.608012, -0.107873, 10.552), (-75.3636, -57.7273, 1.73469))
((-0.608012, -0.107873, 10.552), (-75.7273, -58.2727, 1.83673))
((-0.608012, -0.107873, 10.552), (-75.5454, -58.1818, 0.510204))
((-0.608012, -0.107873, 10.552), (-75.5454, -57.8182, -0.816326))
((-0.578592, -0.17652, 10.552), (-75.3636, -58.2727, -0.816326))
((-0.578592, -0.17652, 10.552), (-75.5454, -58.0, -0.918367))
((-0.578592, -0.17652, 10.552), (-75.4545, -58.0, -1.73469))
((-0.578592, -0.17652, 10.552), (-75.4545, -57.6364, -2.55102))
((-0.578592, -0.17652, 10.552), (-75.8182, -57.9091, -2.7551))
((-0.578592, -0.17652, 10.552), (-75.4545, -58.9091, -2.34694))
((-0.578592, -0.17652, 10.552), (-76.1818, -57.7273, -1.73469))
((-0.578592, -0.17652, 10.552), (-75.3636, -57.7273, -2.34694))
((-0.617819, -0.0784532, 10.4833), (-75.0909, -58.7273, -2.34694))
((-0.617819, -0.0784532, 10.4833), (-75.0909, -57.9091, -3.36735))
((-0.617819, -0.0784532, 10.4833), (-75.7273, -57.6364, -4.69388))
((-0.617819, -0.0784532, 10.4833), (-74.5454, -57.6364, -5.71428))
((-0.617819, -0.0784532, 10.4833), (-74.7273, -58.2727, -6.83673))
((-0.617819, -0.0784532, 10.4833), (-74.0, -57.9091, -7.95918))
((-0.617819, -0.0784532, 10.4833), (-73.3636, -58.5454, -8.77551))
((-0.617819, -0.0784532, 10.4833), (-73.0, -60.3636, -9.28571))
((-0.529559, -0.0980665, 10.552), (-72.4545, -58.5454, -10.2041))
((-0.529559, -0.0980665, 10.552), (-72.3636, -58.8182, -10.8163))
((-0.529559, -0.0980665, 10.552), (-71.1818, -58.0, -13.1633))
((-0.529559, -0.0980665, 10.552), (-70.8181, -58.3636, -13.2653))
((-0.529559, -0.0980665, 10.552), (-70.9091, -61.2727, -14.898))
((-0.529559, -0.0980665, 10.552), (-69.6363, -58.5454, -14.7959))
((-0.529559, -0.0980665, 10.552), (-69.5454, -58.9091, -14.7959))
((-0.529559, -0.0980665, 10.552), (-69.2727, -58.9091, -15.3061))
((-0.470719, -0.196133, 10.5421), (-68.6363, -59.0, -16.4286))
((-0.470719, -0.196133, 10.5421), (-68.4545, -59.0, -16.7347))
((-0.470719, -0.196133, 10.5421), (-67.9091, -58.8182, -16.5306))
((-0.470719, -0.196133, 10.5421), (-66.9091, -59.6364, -16.5306))
((-0.470719, -0.196133, 10.5421), (-66.2727, -58.8182, -17.2449))
((-0.470719, -0.196133, 10.5421), (-65.5454, -59.1818, -17.9592))
((-0.470719, -0.196133, 10.5421), (-65.3636, -59.2727, -17.9592))
((-0.539366, -0.17652, 10.5421), (-64.6364, -59.3636, -19.3877))
((-0.539366, -0.17652, 10.5421), (-63.3636, -59.8182, -19.0816))
((-0.539366, -0.17652, 10.5421), (-63.1818, -59.3636, -19.7959))
((-0.539366, -0.17652, 10.5421), (-63.1818, -59.0, -20.6122))
((-0.539366, -0.17652, 10.5421), (-61.5454, -59.8182, -20.0))
((-0.539366, -0.17652, 10.5421), (-61.2727, -59.8182, -21.0204))
((-0.539366, -0.17652, 10.5421), (-60.4545, -60.1818, -20.3061))
((-0.539366, -0.17652, 10.5421), (-60.1818, -59.9091, -20.102))
((-0.519752, -0.11768, 10.5618), (-61.0909, -60.7273, -21.0204))
((-0.519752, -0.11768, 10.5618), (-59.7273, -59.2727, -21.4286))
((-0.519752, -0.11768, 10.5618), (-59.7273, -59.6364, -20.102))
((-0.519752, -0.11768, 10.5618), (-58.7273, -59.1818, -21.1224))
((-0.519752, -0.11768, 10.5618), (-58.0, -59.7273, -20.6122))
((-0.519752, -0.11768, 10.5618), (-58.4545, -59.5454, -21.8367))
((-0.519752, -0.11768, 10.5618), (-57.9091, -59.7273, -21.3265))
((-0.519752, -0.11768, 10.5618), (-57.0909, -60.0, -20.9184))
((-0.519752, -0.11768, 10.5618), (-56.8182, -59.4545, -20.9184))
((-0.519752, -0.11768, 10.5618), (-56.2727, -60.1818, -21.2245))
((-0.519752, -0.0980665, 10.552), (-55.4545, -59.2727, -21.6327))
((-0.519752, -0.0980665, 10.552), (-55.8182, -60.1818, -21.3265))
((-0.519752, -0.0980665, 10.552), (-55.3636, -59.3636, -21.3265))
((-0.519752, -0.0980665, 10.552), (-55.7273, -59.8182, -21.4286))
((-0.519752, -0.0980665, 10.552), (-55.4545, -60.0909, -21.4286))
((-0.519752, -0.0980665, 10.552), (-55.5454, -59.8182, -21.7347))
((-0.519752, -0.0980665, 10.552), (-55.3636, -59.5454, -21.3265))
((-0.519752, -0.0980665, 10.552), (-55.0909, -59.8182, -21.4286))
((-0.509946, -0.137293, 10.552), (-55.1818, -60.0, -21.5306))
((-0.509946, -0.137293, 10.552), (-54.8182, -60.2727, -21.6327))
((-0.509946, -0.137293, 10.552), (-55.2727, -60.0, -21.6327))
((-0.509946, -0.137293, 10.552), (-55.1818, -60.3636, -21.9388))
((-0.509946, -0.137293, 10.552), (-55.7273, -59.0, -22.0408))
((-0.509946, -0.137293, 10.552), (-55.2727, -60.1818, -21.9388))
((-0.509946, -0.137293, 10.552), (-55.3636, -60.2727, -21.5306))
((-0.509946, -0.137293, 10.552), (-54.0, -59.8182, -21.6327))
((-0.460912, -0.0490332, 10.552), (-53.8182, -60.0909, -21.3265))
((-0.460912, -0.0490332, 10.552), (-52.7273, -60.1818, -20.9184))
((-0.460912, -0.0490332, 10.552), (-52.5454, -60.1818, -21.6327))
((-0.460912, -0.0490332, 10.552), (-51.0909, -60.5454, -21.1224))
((-0.460912, -0.0490332, 10.552), (-50.6364, -60.7273, -21.3265))
((-0.460912, -0.0490332, 10.552), (-50.3636, -60.5454, -21.5306))
((-0.460912, -0.0490332, 10.552), (-50.1818, -59.9091, -20.5102))
((-0.460912, -0.0490332, 10.552), (-50.2727, -60.7273, -21.3265))
((-0.500139, -0.137293, 10.5323), (-49.6364, -60.3636, -20.9184))
((-0.500139, -0.137293, 10.5323), (-50.5455, -60.0909, -20.9184))
((-0.500139, -0.137293, 10.5323), (-48.2727, -60.4545, -20.0))
((-0.500139, -0.137293, 10.5323), (-47.5454, -60.8182, -19.4898))
((-0.500139, -0.137293, 10.5323), (-46.8182, -60.7273, -19.4898))
((-0.500139, -0.137293, 10.5323), (-46.1818, -60.7273, -19.1837))
((-0.500139, -0.137293, 10.5323), (-45.0, -60.6364, -18.3673))
((-0.500139, -0.137293, 10.5323), (-44.8182, -60.6364, -18.3673))
((-0.490332, -0.0686465, 10.5323), (-43.5454, -60.4545, -17.449))
((-0.490332, -0.0686465, 10.5323), (-43.4545, -60.3636, -16.0204))
((-0.490332, -0.0686465, 10.5323), (-41.8182, -61.0, -15.0))
((-0.490332, -0.0686465, 10.5323), (-40.7273, -60.6364, -14.4898))
((-0.490332, -0.0686465, 10.5323), (-40.6364, -60.0909, -13.2653))
((-0.490332, -0.0686465, 10.5323), (-40.5454, -60.6364, -12.7551))
((-0.490332, -0.0686465, 10.5323), (-40.1818, -60.6364, -12.1429))
((-0.490332, 0.00980665, 10.5421), (-39.9091, -60.7273, -11.1224))
((-0.490332, 0.00980665, 10.5421), (-39.0909, -60.5454, -10.102))
((-0.490332, 0.00980665, 10.5421), (-38.8182, -62.7273, -10.4082))
((-0.490332, 0.00980665, 10.5421), (-38.5454, -60.3636, -8.2653))
((-0.490332, 0.00980665, 10.5421), (-38.7273, -60.5454, -6.53061))
((-0.490332, 0.00980665, 10.5421), (-37.9091, -60.4545, -5.30612))
((-0.490332, 0.00980665, 10.5421), (-37.3636, -60.0909, -3.87755))
((-0.480526, -0.00980665, 10.5127), (-37.4545, -60.4545, -2.95918))
((-0.480526, -0.00980665, 10.5127), (-37.6364, -60.0, -1.73469))
((-0.480526, -0.00980665, 10.5127), (-38.0909, -60.2727, -2.04082))
((-0.480526, -0.00980665, 10.5127), (-37.7273, -60.1818, -0.918367))
((-0.480526, -0.00980665, 10.5127), (-38.2727, -59.1818, 3.06122))
((-0.480526, -0.00980665, 10.5127), (-38.4545, -60.2727, 3.06122))
((-0.558979, -0.0784532, 10.5716), (-38.9091, -59.7273, 3.57143))
((-0.558979, -0.0784532, 10.5716), (-38.2727, -59.5454, 3.36735))
((-0.558979, -0.0784532, 10.5716), (-38.4545, -59.3636, 3.46939))
((-0.558979, -0.0784532, 10.5716), (-38.6364, -60.1818, 4.28571))
((-0.558979, -0.0784532, 10.5716), (-38.4545, -60.0, 3.97959))
((-0.558979, -0.0784532, 10.5716), (-38.5454, -59.6364, 4.18367))
((-0.558979, -0.0784532, 10.5716), (-38.4545, -59.9091, 4.59184))
((-0.558979, -0.0784532, 10.5716), (-38.9091, -60.1818, 4.38775))
((-0.558979, -0.0784532, 10.5716), (-39.0, -59.9091, 3.97959))
((-0.558979, -0.0784532, 10.5716), (-38.9091, -59.8182, 4.69388))
((-0.519752, -0.00980665, 10.5127), (-38.6364, -60.1818, 4.79592))
((-0.519752, -0.00980665, 10.5127), (-39.0909, -59.0909, 3.77551))
((-0.519752, -0.00980665, 10.5127), (-38.6364, -59.5454, 3.67347))
((-0.519752, -0.00980665, 10.5127), (-38.3636, -59.3636, 3.87755))
((-0.519752, -0.00980665, 10.5127), (-38.6364, -59.6364, 3.97959))
((-0.519752, -0.00980665, 10.5127), (-38.3636, -60.0, 4.38775))
((-0.519752, -0.00980665, 10.5127), (-38.3636, -59.3636, 4.08163))
((-0.519752, -0.00980665, 10.5127), (-39.1818, -59.4545, 4.38775))
((-0.519752, -0.00980665, 10.5127), (-39.0909, -59.3636, 4.08163))
((-0.539366, -0.0294199, 10.5421), (-38.4545, -59.6364, 5.20408))
((-0.539366, -0.0294199, 10.5421), (-39.3636, -58.9091, 3.57143))
((-0.539366, -0.0294199, 10.5421), (-38.3636, -60.0, 4.59184))
((-0.539366, -0.0294199, 10.5421), (-38.3636, -59.6364, 3.97959))
((-0.539366, -0.0294199, 10.5421), (-39.2727, -59.4545, 3.2653))
((-0.539366, -0.0294199, 10.5421), (-38.5454, -59.4545, 3.97959))
((-0.539366, -0.0294199, 10.5421), (-39.6364, -59.8182, 3.77551))
((-0.539366, -0.0294199, 10.5421), (-38.4545, -59.2727, 4.18367))
((-0.539366, -0.0294199, 10.5127), (-39.5454, -59.8182, 3.97959))
((-0.539366, -0.0294199, 10.5127), (-38.8182, -59.9091, 4.08163))
((-0.539366, -0.0294199, 10.5127), (-38.5454, -59.9091, 4.38775))
((-0.539366, -0.0294199, 10.5127), (-39.0909, -60.4545, 4.08163))
((-0.539366, -0.0294199, 10.5127), (-39.0909, -59.7273, 3.57143))
((-0.539366, -0.0294199, 10.5127), (-38.7273, -60.0, 4.28571))
((-0.539366, -0.0294199, 10.5127), (-39.1818, -60.0, 4.18367))
((-0.539366, -0.0294199, 10.5127), (-39.0909, -60.0909, 3.77551))
((-0.539366, -0.0490332, 10.5618), (-39.1818, -59.2727, 4.4898))
((-0.539366, -0.0490332, 10.5618), (-39.0, -60.1818, 3.97959))
((-0.539366, -0.0490332, 10.5618), (-39.3636, -60.1818, 4.38775))
((-0.539366, -0.0490332, 10.5618), (-38.8182, -59.5454, 3.57143))
((-0.539366, -0.0490332, 10.5618), (-38.4545, -59.5454, 4.89796))
((-0.539366, -0.0490332, 10.5618), (-38.2727, -59.6364, 3.57143))
((-0.539366, -0.0490332, 10.5618), (-39.0, -60.3636, 4.4898))
((-0.539366, -0.0490332, 10.5618), (-39.1818, -60.1818, 4.28571))
((-0.529559, -0.0294199, 10.5323), (-39.0, -60.1818, 3.57143))
((-0.529559, -0.0294199, 10.5323), (-38.5454, -60.2727, 4.38775))
((-0.529559, -0.0294199, 10.5323), (-39.3636, -60.3636, 3.97959))
((-0.529559, -0.0294199, 10.5323), (-38.9091, -59.0909, 4.59184))
((-0.529559, -0.0294199, 10.5323), (-39.0909, -60.3636, 4.08163))
((-0.529559, -0.0294199, 10.5323), (-39.0, -59.5454, 3.67347))
((-0.529559, -0.0294199, 10.5323), (-39.7273, -59.1818, 4.4898))
((-0.539366, -0.0490332, 10.5127), (-39.7273, -59.1818, 3.67347))
((-0.539366, -0.0490332, 10.5127), (-39.0909, -59.5454, 3.87755))
((-0.539366, -0.0490332, 10.5127), (-39.0909, -60.0, 3.87755))
((-0.539366, -0.0490332, 10.5127), (-39.1818, -59.7273, 3.77551))
((-0.539366, -0.0490332, 10.5127), (-38.7273, -60.0909, 3.67347))
((-0.539366, -0.0490332, 10.5127), (-39.1818, -59.4545, 3.77551))
((-0.539366, -0.0490332, 10.5127), (-38.5454, -59.5454, 4.18367))
((-0.558979, -0.00980665, 10.5029), (-39.0909, -59.5454, 3.67347))
((-0.558979, -0.00980665, 10.5029), (-39.6364, -61.7273, 4.08163))
((-0.558979, -0.00980665, 10.5029), (-39.0909, -59.7273, 3.77551))
((-0.558979, -0.00980665, 10.5029), (-39.1818, -60.2727, 3.97959))
((-0.558979, -0.00980665, 10.5029), (-38.5454, -59.9091, 4.4898))
((-0.558979, -0.00980665, 10.5029), (-38.8182, -59.0909, 3.87755))
((-0.558979, -0.00980665, 10.5029), (-39.0, -59.7273, 3.97959))
((-0.558979, -0.00980665, 10.5029), (-38.9091, -60.1818, 4.4898))
((-0.558979, -0.00980665, 10.5029), (-38.6364, -59.8182, 3.87755))
((-0.558979, -0.00980665, 10.5029), (-38.7273, -59.8182, 4.28571))
((-0.539366, -0.0196133, 10.5618), (-38.9091, -60.0, 4.18367))
((-0.539366, -0.0196133, 10.5618), (-39.0, -60.0909, 4.38775))
((-0.539366, -0.0196133, 10.5618), (-38.9091, -60.1818, 3.97959))
((-0.539366, -0.0196133, 10.5618), (-38.9091, -60.4545, 4.08163))
((-0.539366, -0.0196133, 10.5618), (-38.8182, -59.8182, 3.67347))
((-0.539366, -0.0196133, 10.5618), (-38.9091, -59.5454, 4.38775))
((-0.539366, -0.0196133, 10.5618), (-39.0, -59.8182, 4.4898))
((-0.539366, -0.0196133, 10.5618), (-39.2727, -62.2727, 4.08163))
((-0.539366, -0.0196133, 10.5618), (-38.6364, -59.4545, 4.4898))
((-0.539366, -0.0686465, 10.5618), (-39.2727, -60.1818, 3.46939))
((-0.539366, -0.0686465, 10.5618), (-38.9091, -59.3636, 3.16326))
((-0.539366, -0.0686465, 10.5618), (-38.9091, -59.5454, 5.10204))
((-0.539366, -0.0686465, 10.5618), (-38.8182, -60.3636, 4.08163))
((-0.539366, -0.0686465, 10.5618), (-38.6364, -59.6364, 4.38775))
((-0.539366, -0.0686465, 10.5618), (-38.4545, -59.8182, 3.67347))
((-0.539366, -0.0686465, 10.5618), (-39.1818, -59.5454, 4.18367))
((-0.539366, -0.0686465, 10.5618), (-38.9091, -59.9091, 4.08163))
((-0.578592, 0.0, 10.5029), (-39.2727, -59.9091, 4.89796))
((-0.578592, 0.0, 10.5029), (-39.0, -60.0, 4.59184))
((-0.578592, 0.0, 10.5029), (-38.7273, -59.5454, 4.38775))
((-0.578592, 0.0, 10.5029), (-38.7273, -59.5454, 4.28571))
((-0.578592, 0.0, 10.5029), (-38.8182, -59.3636, 4.59184))
((-0.578592, 0.0, 10.5029), (-38.9091, -59.8182, 4.4898))
((-0.578592, 0.0, 10.5029), (-38.6364, -60.0, 4.18367))
((-0.578592, 0.0, 10.5029), (-38.8182, -59.7273, 4.4898))
((-0.539366, -0.0392266, 10.552), (-39.2727, -59.7273, 3.67347))
((-0.539366, -0.0392266, 10.552), (-39.4545, -59.7273, 4.28571))
((-0.539366, -0.0392266, 10.552), (-39.3636, -61.7273, 3.87755))
((-0.539366, -0.0392266, 10.552), (-39.0, -60.0909, 4.4898))
((-0.539366, -0.0392266, 10.552), (-38.7273, -59.8182, 5.0))
((-0.539366, -0.0392266, 10.552), (-39.0909, -59.9091, 4.18367))
((-0.539366, -0.0392266, 10.552), (-39.3636, -59.7273, 4.08163))
((-0.539366, -0.0392266, 10.552), (-39.1818, -59.9091, 4.28571))
((-0.539366, -0.0392266, 10.5127), (-38.4545, -59.9091, 3.2653))
((-0.539366, -0.0392266, 10.5127), (-39.0909, -59.5454, 4.08163))
((-0.539366, -0.0392266, 10.5127), (-38.1818, -59.5454, 4.08163))
((-0.539366, -0.0392266, 10.5127), (-39.0909, -59.7273, 4.38775))
((-0.539366, -0.0392266, 10.5127), (-39.4545, -59.0909, 4.38775))
((-0.539366, -0.0392266, 10.5127), (-38.9091, -60.5454, 4.18367))
((-0.539366, -0.0392266, 10.5127), (-39.3636, -59.4545, 4.79592))
((-0.500139, 0.0, 10.5421), (-38.9091, -60.4545, 4.28571))
((-0.500139, 0.0, 10.5421), (-38.3636, -59.8182, 3.67347))
((-0.500139, 0.0, 10.5421), (-39.0, -60.1818, 3.06122))
((-0.500139, 0.0, 10.5421), (-38.1818, -60.9091, 4.69388))
((-0.500139, 0.0, 10.5421), (-38.2727, -59.5454, 4.38775))
((-0.500139, 0.0, 10.5421), (-38.7273, -59.9091, 3.87755))
((-0.500139, 0.0, 10.5421), (-38.8182, -59.8182, 3.46939))
((-0.500139, 0.0, 10.5421), (-38.8182, -59.1818, 4.4898))
((-0.519752, -0.0196133, 10.552), (-38.5454, -62.0909, 4.59184))
((-0.519752, -0.0196133, 10.552), (-38.7273, -59.1818, 4.4898))
