((-0.509946, -0.0490332, 10.5225), (-37.8182, -59.6364, 1.53061))
((-0.509946, -0.0490332, 10.5225), (-38.0909, -60.0, 1.42857))
((-0.509946, -0.0490332, 10.5225), (-37.7273, -60.1818, 2.44898))
((-0.509946, -0.0490332, 10.5225), (-37.9091, -60.2727, 1.42857))
((-0.509946, -0.0490332, 10.5225), (-38.0909, -59.5454, 1.32653))
((-0.509946, -0.0490332, 10.5225), (-38.2727, -59.7273, 1.73469))
((-0.519752, -0.0588399, 10.5421), (-38.0909, -60.0, 1.63265))
((-0.519752, -0.0588399, 10.5421), (-38.1818, -60.1818, 1.83673))
((-0.519752, -0.0588399, 10.5421), (-37.8182, -60.0, 1.93878))
((-0.519752, -0.0588399, 10.5421), (-38.4545, -62.4545, 2.14286))
((-0.519752, -0.0588399, 10.5421), (-38.1818, -59.9091, 1.63265))
((-0.519752, -0.0588399, 10.5421), (-38.6364, -60.1818, 1.42857))
((-0.519752, -0.0588399, 10.5421), (-37.4545, -60.0, 2.04082))
((-0.519752, -0.0588399, 10.5421), (-38.0, -59.8182, 2.04082))
((-0.519752, -0.0588399, 10.5421), (-37.9091, -60.0, 2.44898))
((-0.519752, -0.0686465, 10.5421), (-37.8182, -60.1818, 2.04082))
((-0.519752, -0.0686465, 10.5421), (-37.7273, -60.0909, 1.83673))
((-0.519752, -0.0686465, 10.5421), (-37.8182, -59.6364, 1.73469))
((-0.519752, -0.0686465, 10.5421), (-39.5454, -59.8182, 1.73469))
((-0.519752, -0.0686465, 10.5421), (-38.0909, -60.6364, 1.83673))
((-0.519752, -0.0686465, 10.5421), (-37.7273, -60.1818, 1.93878))
((-0.519752, -0.0686465, 10.5421), (-38.0909, -60.0, 2.04082))
((-0.519752, -0.0686465, 10.5421), (-38.5454, -60.4545, 2.04082))
((-0.519752, -0.0686465, 10.5421), (-38.3636, -60.6364, 1.63265))
((-0.509946, -0.0490332, 10.5814), (-37.7273, -60.0909, 1.73469))
((-0.509946, -0.0490332, 10.5814), (-38.5454, -60.0, 1.83673))
((-0.509946, -0.0490332, 10.5814), (-38.7273, -59.0, 2.04082))
((-0.509946, -0.0490332, 10.5814), (-38.1818, -60.2727, 1.93878))
((-0.509946, -0.0490332, 10.5814), (-38.5454, -60.1818, 1.32653))
((-0.509946, -0.0490332, 10.5814), (-38.0909, -59.5454, 1.83673))
((-0.509946, -0.0490332, 10.5814), (-38.0909, -60.3636, 2.04082))
((-0.509946, -0.0490332, 10.5814), (-38.0909, -60.7273, 1.22449))
((-0.529559, -0.0294199, 10.5029), (-37.6364, -59.6364, 2.04082))
((-0.529559, -0.0294199, 10.5029), (-38.2727, -59.9091, 1.63265))
((-0.529559, -0.0294199, 10.5029), (-38.1818, -59.6364, 1.63265))
((-0.529559, -0.0294199, 10.5029), (-38.5454, -60.1818, 2.34694))
((-0.529559, -0.0294199, 10.5029), (-37.6364, -60.0, 1.42857))
((-0.529559, -0.0294199, 10.5029), (-38.0909, -59.5454, 1.12245))
((-0.529559, -0.0294199, 10.5029), (-38.5454, -60.0, 1.83673))
((-0.529559, -0.0294199, 10.5029), (-37.9091, -63.1818, 1.32653))
((-0.519752, -0.0490332, 10.5421), (-38.4545, -60.1818, 1.02041))
((-0.519752, -0.0490332, 10.5421), (-38.0909, -59.2727, 1.73469))
((-0.519752, -0.0490332, 10.5421), (-37.5455, -59.5454, 1.73469))
((-0.519752, -0.0490332, 10.5421), (-38.4545, -59.5454, 2.04082))
((-0.519752, -0.0490332, 10.5421), (-38.0909, -59.5454, 1.63265))
((-0.519752, -0.0490332, 10.5421), (-39.0909, -60.2727, 2.14286))
((-0.519752, -0.0490332, 10.5421), (-37.6364, -59.9091, 2.04082))
((-0.519752, -0.0490332, 10.5421), (-37.9091, -59.8182, 2.2449))
((-0.549172, -0.0588399, 10.5912), (-38.4545, -59.8182, 1.73469))
((-0.549172, -0.0588399, 10.5912), (-37.9091, -59.9091, 1.22449))
((-0.549172, -0.0588399, 10.5912), (-37.7273, -60.3636, 2.34694))
((-0.549172, -0.0588399, 10.5912), (-38.1818, -60.0909, 1.42857))
((-0.549172, -0.0588399, 10.5912), (-38.0, -60.3636, 2.04082))
((-0.549172, -0.0588399, 10.5912), (-38.0, -60.6364, 1.83673))
((-0.549172, -0.0588399, 10.5912), (-38.1818, -60.3636, 1.83673))
((-0.509946, -0.0196133, 10.5225), (-37.7273, -60.0909, 1.53061))
((-0.509946, -0.0196133, 10.5225), (-38.6364, -60.0909, 1.93878))
((-0.509946, -0.0196133, 10.5225), (-37.8182, -59.5454, 2.14286))
((-0.509946, -0.0196133, 10.5225), (-38.0909, -59.9091, 1.83673))
((-0.509946, -0.0196133, 10.5225), (-38.0, -60.3636, 2.55102))
((-0.509946, -0.0196133, 10.5225), (-38.0, -59.8182, 2.65306))
((-0.509946, -0.0196133, 10.5225), (-37.7273, -59.6364, 2.34694))
((-0.539366, -0.0686465, 10.5421), (-38.0, -60.5454, 1.53061))
((-0.539366, -0.0686465, 10.5421), (-38.5454, -60.2727, 1.73469))
((-0.539366, -0.0686465, 10.5421), (-38.2727, -60.4545, 2.2449))
((-0.539366, -0.0686465, 10.5421), (-38.0909, -60.4545, 1.73469))
((-0.539366, -0.0686465, 10.5421), (-37.5455, -60.0909, 2.44898))
((-0.539366, -0.0686465, 10.5421), (-38.0, -60.1818, 1.83673))
((-0.539366, -0.0686465, 10.5421), (-38.0909, -60.3636, 2.14286))
((-0.539366, -0.0686465, 10.5421), (-38.2727, -60.4545, 1.53061))
((-0.539366, -0.0686465, 10.5421), (-37.7273, -60.2727, 1.73469))
((-0.529559, -0.0588399, 10.5618), (-37.8182, -59.5454, 2.14286))
((-0.529559, -0.0588399, 10.5618), (-38.2727, -60.3636, 2.04082))
((-0.529559, -0.0588399, 10.5618), (-38.1818, -60.0909, 2.55102))
((-0.529559, -0.0588399, 10.5618), (-38.1818, -59.5454, 1.53061))
((-0.529559, -0.0588399, 10.5618), (-38.3636, -59.7273, 1.73469))
((-0.529559, -0.0588399, 10.5618), (-38.8182, -59.7273, 2.04082))
((-0.529559, -0.0588399, 10.5618), (-37.7273, -59.5454, 1.73469))
((-0.529559, -0.0588399, 10.5618), (-38.2727, -60.6364, 2.14286))
((-0.529559, -0.0588399, 10.5618), (-37.5455, -59.5454, 2.04082))
((-0.509946, -0.0294199, 10.5814), (-38.2727, -59.8182, 1.73469))
((-0.509946, -0.0294199, 10.5814), (-37.9091, -59.4545, 1.02041))
((-0.509946, -0.0294199, 10.5814), (-37.7273, -60.0909, 1.42857))
((-0.509946, -0.0294199, 10.5814), (-37.8182, -60.0909, 2.34694))
((-0.509946, -0.0294199, 10.5814), (-38.5454, -59.7273, 1.83673))
((-0.490332, -0.0490332, 10.5618), (-38.4545, -59.4545, 1.93878))
((-0.490332, -0.0490332, 10.5618), (-38.3636, -59.7273, 1.83673))
((-0.490332, -0.0490332, 10.5618), (-37.9091, -60.1818, 1.73469))
((-0.490332, -0.0490332, 10.5618), (-38.3636, -60.4545, 1.32653))
((-0.490332, -0.0490332, 10.5618), (-38.4545, -59.7273, 1.42857))
((-0.490332, -0.0490332, 10.5618), (-38.0909, -60.3636, 1.73469))
((-0.490332, -0.0490332, 10.5618), (-38.5454, -59.6364, 1.32653))
((-0.490332, -0.0490332, 10.5618), (-37.1818, -60.2727, 1.63265))
((-0.490332, -0.0490332, 10.5618), (-37.6364, -60.1818, 2.04082))
((-0.539366, -0.0686465, 10.5618), (-38.1818, -60.3636, 1.22449))
((-0.539366, -0.0686465, 10.5618), (-38.4545, -60.1818, 2.14286))
((-0.539366, -0.0686465, 10.5618), (-38.5454, -60.3636, 1.53061))
((-0.539366, -0.0686465, 10.5618), (-38.0, -60.3636, 2.04082))
((-0.539366, -0.0686465, 10.5618), (-38.1818, -59.5454, 2.14286))
((-0.539366, -0.0686465, 10.5618), (-38.2727, -60.2727, 1.63265))
((-0.539366, -0.0686465, 10.5618), (-38.4545, -60.0, 1.93878))
((-0.539366, -0.0686465, 10.5618), (-38.0909, -59.9091, 1.63265))
((-0.519752, -0.0392266, 10.552), (-37.9091, -60.9091, 2.55102))
((-0.519752, -0.0392266, 10.552), (-38.7273, -60.3636, 2.04082))
((-0.519752, -0.0392266, 10.552), (-38.5454, -59.7273, 1.93878))
((-0.519752, -0.0392266, 10.552), (-38.2727, -59.1818, 2.7551))
((-0.519752, -0.0392266, 10.552), (-39.7273, -60.0909, 6.73469))
((-0.519752, -0.0392266, 10.552), (-42.4545, -59.6364, 11.9388))
((-0.519752, -0.0392266, 10.552), (-48.2727, -58.0909, 17.0408))
((-0.519752, -0.0392266, 10.552), (-58.0, -58.6364, 19.6939))
((-0.23536, -0.11768, 10.6304), (-64.0, -57.7273, 18.6735))
((-0.23536, -0.11768, 10.6304), (-74.0, -57.9091, 9.89796))
((-0.23536, -0.11768, 10.6304), (-75.5454, -57.8182, -0.714286))
((-0.23536, -0.11768, 10.6304), (-73.2727, -58.6364, -7.44898))
((-0.23536, -0.11768, 10.6304), (-67.0909, -58.9091, -17.0408))
((-0.23536, -0.11768, 10.6304), (-56.6364, -59.6364, -21.9388))
((-0.23536, -0.11768, 10.6304), (-49.7273, -60.0909, -21.5306))
((-0.23536, -0.11768, 10.6304), (-44.0, -60.2727, -18.2653))
((0.254973, -0.196133, 10.4931), (-38.0, -59.9091, -9.89796))
((0.254973, -0.196133, 10.4931), (-37.2727, -59.8182, 0.306122))
((0.254973, -0.196133, 10.4931), (-42.1818, -58.7273, 10.8163))
((0.254973, -0.196133, 10.4931), (-48.2727, -59.1818, 17.7551))
((0.254973, -0.196133, 10.4931), (-50.5455, -58.8182, 18.3673))
((0.254973, -0.196133, 10.4931), (-50.9091, -58.7273, 18.6735))
((0.254973, -0.196133, 10.4931), (-50.3636, -58.5454, 18.8775))
((-0.333426, -0.196133, 10.5127), (-54.7273, -58.0909, 19.5918))
((-0.333426, -0.196133, 10.5127), (-68.2727, -57.2727, 16.3265))
((-0.333426, -0.196133, 10.5127), (-74.1818, -58.0909, 8.97959))
((-0.333426, -0.196133, 10.5127), (-75.2727, -57.7273, 0.204082))
((-0.333426, -0.196133, 10.5127), (-74.3636, -58.0, -5.30612))
((-0.333426, -0.196133, 10.5127), (-69.0909, -58.9091, -15.0))
((-0.333426, -0.196133, 10.5127), (-59.8182, -61.1818, -21.6327))
((-0.333426, -0.196133, 10.5127), (-51.2727, -59.3636, -21.5306))
((-0.333426, -0.196133, 10.5127), (-44.6364, -59.6364, -18.4694))
((-0.0392266, -0.215746, 10.6304), (-39.9091, -59.6364, -11.9388))
((-0.0392266, -0.215746, 10.6304), (-37.0909, -60.0, -4.18367))
((-0.0392266, -0.215746, 10.6304), (-38.4545, -59.5454, 3.87755))
((-0.0392266, -0.215746, 10.6304), (-40.1818, -59.3636, 9.79591))
((-0.0392266, -0.215746, 10.6304), (-44.5454, -58.1818, 14.6939))
((-0.0392266, -0.215746, 10.6304), (-50.3636, -58.4545, 18.4694))
((-0.0392266, -0.215746, 10.6304), (-56.8182, -58.4545, 19.3877))
((-0.0392266, -0.215746, 10.6304), (-64.1818, -57.7273, 18.0612))
((-0.0392266, -0.215746, 10.6304), (-71.9091, -57.6364, 12.2449))
((-0.549172, 0.274586, 10.5127), (-75.5454, -57.6364, 1.12245))
((-0.549172, 0.274586, 10.5127), (-71.3636, -58.4545, -12.2449))
((-0.549172, 0.274586, 10.5127), (-64.0, -59.5454, -18.9796))
((-0.549172, 0.274586, 10.5127), (-55.6364, -59.4545, -21.8367))
((-0.549172, 0.274586, 10.5127), (-48.0, -62.0, -20.6122))
((-0.549172, 0.274586, 10.5127), (-40.7273, -60.2727, -14.3877))
((-0.549172, 0.274586, 10.5127), (-37.1818, -59.7273, -7.34694))
((-0.549172, 0.274586, 10.5127), (-37.5455, -60.0909, -0.612245))
((-0.264779, 0.313813, 10.6304), (-40.2727, -59.3636, 9.38775))
((-0.264779, 0.313813, 10.6304), (-45.0, -58.7273, 15.3061))
((-0.264779, 0.313813, 10.6304), (-53.4545, -58.2727, 18.7755))
((-0.264779, 0.313813, 10.6304), (-60.5454, -58.1818, 19.3877))
((-0.264779, 0.313813, 10.6304), (-67.4545, -57.4545, 16.6327))
((-0.264779, 0.313813, 10.6304), (-75.1818, -57.9091, 5.91837))
((-0.264779, 0.313813, 10.6304), (-75.0909, -58.4545, -3.46939))
((-0.264779, 0.313813, 10.6304), (-69.0, -59.0, -15.3061))
((-0.264779, 0.313813, 10.6304), (-61.4545, -59.4545, -20.5102))
((-0.460912, -0.225553, 10.5029), (-52.3636, -59.8182, -22.6531))
((-0.460912, -0.225553, 10.5029), (-45.9091, -59.5454, -19.1837))
((-0.460912, -0.225553, 10.5029), (-42.6364, -60.4545, -16.7347))
((-0.460912, -0.225553, 10.5029), (-39.6364, -59.8182, -11.8367))
((-0.460912, -0.225553, 10.5029), (-38.0, -60.4545, -8.57143))
((-0.460912, -0.225553, 10.5029), (-37.2727, -60.0, -5.20408))
((-0.460912, -0.225553, 10.5029), (-37.0909, -60.4545, -1.93878))
((-0.549172, -0.0392266, 10.5912), (-37.5455, -59.8182, 2.2449))
((-0.549172, -0.0392266, 10.5912), (-39.0909, -58.8182, 5.20408))
((-0.549172, -0.0392266, 10.5912), (-39.5454, -59.0, 8.2653))
((-0.549172, -0.0392266, 10.5912), (-40.7273, -59.2727, 9.28571))
((-0.549172, -0.0392266, 10.5912), (-42.6364, -59.0, 11.7347))
((-0.549172, -0.0392266, 10.5912), (-44.5454, -58.2727, 13.8775))
((-0.549172, -0.0392266, 10.5912), (-46.7273, -58.8182, 15.8163))
((-0.549172, -0.0392266, 10.5912), (-49.5455, -58.1818, 17.9592))
((-0.676659, -0.00980665, 10.4833), (-52.6364, -57.9091, 19.3877))
((-0.676659, -0.00980665, 10.4833), (-57.0, -57.8182, 19.8979))
((-0.676659, -0.00980665, 10.4833), (-62.0909, -58.1818, 19.8979))
((-0.676659, -0.00980665, 10.4833), (-64.6364, -57.0909, 17.8571))
((-0.676659, -0.00980665, 10.4833), (-68.1818, -57.2727, 16.7347))
((-0.676659, -0.00980665, 10.4833), (-70.8181, -57.7273, 13.3673))
((-0.676659, -0.00980665, 10.4833), (-73.0, -57.6364, 10.6122))
((-0.588399, -0.225553, 10.552), (-75.0, -57.9091, 6.32653))
((-0.588399, -0.225553, 10.552), (-75.1818, -58.0, 1.42857))
((-0.588399, -0.225553, 10.552), (-74.4545, -57.6364, -4.4898))
((-0.588399, -0.225553, 10.552), (-73.1818, -58.4545, -9.4898))
((-0.588399, -0.225553, 10.552), (-69.6363, -58.1818, -15.4082))
((-0.588399, -0.225553, 10.552), (-66.1818, -59.3636, -18.9796))
((-0.588399, -0.225553, 10.552), (-61.3636, -59.5454, -21.1224))
((-0.539366, -0.11768, 10.5029), (-56.0, -59.4545, -21.5306))
((-0.539366, -0.11768, 10.5029), (-54.0909, -59.0909, -22.449))
((-0.539366, -0.11768, 10.5029), (-51.1818, -60.0909, -21.3265))
((-0.539366, -0.11768, 10.5029), (-48.5455, -59.4545, -20.7143))
((-0.539366, -0.11768, 10.5029), (-46.3636, -59.2727, -19.7959))
((-0.539366, -0.11768, 10.5029), (-43.7273, -60.1818, -18.5714))
((-0.539366, -0.11768, 10.5029), (-41.5454, -60.1818, -15.6122))
((-0.539366, -0.11768, 10.5029), (-39.6364, -58.9091, -13.0612))
((-0.539366, -0.11768, 10.5029), (-38.8182, -60.1818, -9.89796))
((-0.490332, 0.0882598, 10.4539), (-38.0909, -60.1818, -8.16326))
((-0.490332, 0.0882598, 10.4539), (-41.2727, -58.8182, 10.4082))
((-0.490332, 0.0882598, 10.4539), (-45.0, -58.1818, 14.5918))
((-0.490332, 0.0882598, 10.4539), (-46.0909, -58.8182, 15.6122))
((-0.490332, 0.0882598, 10.4539), (-49.7273, -58.0909, 18.4694))
((-0.490332, 0.0882598, 10.4539), (-54.2727, -57.3636, 20.3061))
((-0.294199, -0.17652, 10.601), (-56.6364, -57.0909, 19.4898))
((-0.294199, -0.17652, 10.601), (-59.9091, -57.8182, 20.3061))
((-0.294199, -0.17652, 10.601), (-63.0909, -57.6364, 19.1837))
((-0.294199, -0.17652, 10.601), (-67.2727, -57.0909, 17.449))
((-0.294199, -0.17652, 10.601), (-71.0909, -57.5454, 13.8775))
((-0.294199, -0.17652, 10.601), (-73.0, -57.0909, 10.3061))
((-0.294199, -0.17652, 10.601), (-74.7273, -57.8182, 6.12245))
((-0.294199, -0.17652, 10.601), (-75.3636, -57.9091, 1.22449))
((-0.294199, -0.17652, 10.601), (-75.4545, -58.6364, -3.46939))
((-0.470719, -0.0882598, 10.5127), (-73.1818, -58.6364, -10.6122))
((-0.470719, -0.0882598, 10.5127), (-70.6363, -58.0, -14.6939))
((-0.470719, -0.0882598, 10.5127), (-65.4545, -58.8182, -19.1837))
((-0.470719, -0.0882598, 10.5127), (-59.2727, -58.7273, -22.0408))
((-0.470719, -0.0882598, 10.5127), (-56.3636, -59.4545, -22.1429))
((-0.470719, -0.0882598, 10.5127), (-52.9091, -59.0, -21.9388))
((-0.470719, -0.0882598, 10.5127), (-50.5455, -60.0, -21.3265))
((-0.470719, -0.0882598, 10.5127), (-45.5454, -60.1818, -19.5918))
((-0.480526, -0.127486, 10.5421), (-42.5454, -59.9091, -16.8367))
((-0.480526, -0.127486, 10.5421), (-38.6364, -60.2727, -11.6326))
((-0.480526, -0.127486, 10.5421), (-38.0909, -59.6364, -8.2653))
((-0.480526, -0.127486, 10.5421), (-37.7273, -59.5454, -4.69388))
((-0.480526, -0.127486, 10.5421), (-37.2727, -59.6364, 0.510204))
((-0.480526, -0.127486, 10.5421), (-39.3636, -61.7273, 4.59184))
((-0.480526, -0.127486, 10.5421), (-41.9091, -58.8182, 12.0408))
((-0.480526, -0.127486, 10.5421), (-45.4545, -58.7273, 15.6122))
((-0.529559, -0.0686465, 10.552), (-50.5455, -58.0909, 18.6735))
((-0.529559, -0.0686465, 10.552), (-56.3636, -57.8182, 19.4898))
((-0.529559, -0.0686465, 10.552), (-61.4545, -57.7273, 20.0))
((-0.529559, -0.0686465, 10.552), (-67.0, -57.3636, 16.4286))
((-0.529559, -0.0686465, 10.552), (-71.9091, -57.3636, 12.8571))
((-0.529559, -0.0686465, 10.552), (-74.2727, -57.0909, 7.85714))
((-0.529559, -0.0686465, 10.552), (-75.6364, -57.6364, 0.816326))
((-0.529559, -0.0686465, 10.552), (-74.9091, -57.8182, -3.67347))
((-0.509946, -0.186326, 10.5127), (-72.9091, -58.0, -9.79591))
((-0.509946, -0.186326, 10.5127), (-70.0, -57.9091, -14.898))
((-0.509946, -0.186326, 10.5127), (-65.7272, -59.0909, -18.0612))
((-0.509946, -0.186326, 10.5127), (-60.8182, -59.2727, -20.8163))
((-0.509946, -0.186326, 10.5127), (-55.3636, -59.6364, -22.1429))
((-0.509946, -0.186326, 10.5127), (-50.9091, -59.6364, -21.7347))
((-0.509946, -0.186326, 10.5127), (-45.8182, -59.7273, -20.4082))
((-0.480526, -0.313813, 10.5029), (-40.5454, -60.0, -14.6939))
((-0.480526, -0.313813, 10.5029), (-37.8182, -59.6364, -8.36734))
((-0.480526, -0.313813, 10.5029), (-37.1818, -59.7273, -4.18367))
((-0.480526, -0.313813, 10.5029), (-36.6364, -59.3636, -1.53061))
((-0.480526, -0.313813, 10.5029), (-37.6364, -59.9091, -0.204082))
((-0.480526, -0.313813, 10.5029), (-37.7273, -59.6364, 1.42857))
((-0.480526, -0.313813, 10.5029), (-37.6364, -59.1818, 2.14286))
((-0.529559, -0.0490332, 10.552), (-38.0909, -59.5454, 1.83673))
((-0.529559, -0.0490332, 10.552), (-38.0, -59.4545, 1.73469))
((-0.529559, -0.0490332, 10.552), (-37.3636, -59.0, 1.32653))
((-0.529559, -0.0490332, 10.552), (-37.5455, -60.0909, 1.83673))
((-0.529559, -0.0490332, 10.552), (-37.6364, -60.0, 1.02041))
((-0.529559, -0.0490332, 10.552), (-38.2727, -59.4545, 1.63265))
((-0.529559, -0.0490332, 10.552), (-38.3636, -60.0909, 1.63265))
((-0.529559, -0.0490332, 10.552), (-37.4545, -62.1818, 1.22449))
((-0.529559, -0.0490332, 10.552), (-38.0, -59.1818, 1.53061))
((-0.509946, -0.0588399, 10.5618), (-37.6364, -59.2727, 1.22449))
((-0.509946, -0.0588399, 10.5618), (-38.0909, -60.0, 2.2449))
((-0.509946, -0.0588399, 10.5618), (-38.0, -59.0909, 1.93878))
((-0.509946, -0.0588399, 10.5618), (-37.8182, -59.0909, 1.93878))
((-0.509946, -0.0588399, 10.5618), (-37.8182, -60.2727, 1.73469))
((-0.509946, -0.0588399, 10.5618), (-37.6364, -59.4545, 1.32653))
((-0.509946, -0.0588399, 10.5618), (-37.9091, -59.3636, 1.63265))
((-0.509946, -0.0588399, 10.5618), (-37.3636, -59.7273, 1.42857))
((-0.509946, -0.0588399, 10.5618), (-37.4545, -59.1818, 1.32653))
((-0.539366, -0.0686465, 10.5323), (-38.8182, -59.4545, 2.14286))
((-0.539366, -0.0686465, 10.5323), (-37.4545, -59.4545, 1.22449))
((-0.539366, -0.0686465, 10.5323), (-38.0, -59.4545, 1.53061))
((-0.539366, -0.0686465, 10.5323), (-37.6364, -59.2727, 2.04082))
((-0.539366, -0.0686465, 10.5323), (-38.1818, -59.6364, 2.2449))
((-0.539366, -0.0686465, 10.5323), (-38.1818, -59.3636, 1.73469))
((-0.539366, -0.0686465, 10.5323), (-37.5455, -59.1818, 1.73469))
((-0.539366, -0.0686465, 10.5323), (-38.0909, -59.3636, 1.22449))
((-0.539366, -0.0686465, 10.5323), (-37.7273, -60.0909, 1.83673))
((-0.529559, -0.0392266, 10.5421), (-37.4545, -59.9091, 1.83673))
((-0.529559, -0.0392266, 10.5421), (-37.8182, -59.1818, 1.42857))
((-0.529559, -0.0392266, 10.5421), (-37.7273, -59.2727, 1.63265))
((-0.529559, -0.0392266, 10.5421), (-37.0909, -59.3636, 1.63265))
((-0.529559, -0.0392266, 10.5421), (-37.9091, -59.7273, 1.42857))
((-0.529559, -0.0392266, 10.5421), (-37.8182, -59.3636, 2.04082))
((-0.529559, -0.0392266, 10.5421), (-37.6364, -60.0, 1.22449))
((-0.529559, -0.0392266, 10.5421), (-37.0909, -58.8182, 1.22449))
((-0.539366, -0.0588399, 10.5029), (-37.7273, -60.0, 1.42857))
((-0.539366, -0.0588399, 10.5029), (-37.6364, -59.0909, 1.73469))
((-0.539366, -0.0588399, 10.5029), (-37.9091, -62.0, 1.12245))
((-0.539366, -0.0588399, 10.5029), (-37.8182, -59.3636, 1.63265))
((-0.539366, -0.0588399, 10.5029), (-38.4545, -59.4545, 2.04082))
((-0.539366, -0.0588399, 10.5029), (-38.0, -59.4545, 1.53061))
((-0.539366, -0.0588399, 10.5029), (-38.0, -59.0909, 1.22449))
((-0.529559, -0.0392266, 10.5029), (-37.8182, -58.7273, 2.14286))
((-0.529559, -0.0392266, 10.5029), (-37.8182, -59.4545, 2.2449))
((-0.529559, -0.0392266, 10.5029), (-37.7273, -59.6364, 1.32653))
((-0.529559, -0.0392266, 10.5029), (-38.4545, -59.4545, 1.42857))
((-0.529559, -0.0392266, 10.5029), (-37.9091, -59.2727, 1.42857))
((-0.529559, -0.0392266, 10.5029), (-38.0, -59.4545, 1.63265))
((-0.529559, -0.0392266, 10.5029), (-37.4545, -58.8182, 1.63265))
((-0.529559, -0.0392266, 10.5029), (-37.1818, -59.6364, 1.32653))
((-0.539366, -0.0686465, 10.5618), (-37.3636, -59.0, 1.83673))
((-0.539366, -0.0686465, 10.5618), (-37.5455, -59.9091, 1.63265))
((-0.539366, -0.0686465, 10.5618), (-37.5455, -59.6364, 2.34694))
((-0.539366, -0.0686465, 10.5618), (-38.0, -59.9091, 0.816326))
((-0.539366, -0.0686465, 10.5618), (-38.1818, -59.2727, 1.02041))
((-0.539366, -0.0686465, 10.5618), (-37.5455, -59.8182, 1.32653))
((-0.539366, -0.0686465, 10.5618), (-37.1818, -59.8182, 1.63265))
((-0.549172, -0.0980665, 10.552), (-37.7273, -59.0909, 2.14286))
((-0.549172, -0.0980665, 10.552), (-37.7273, -61.6364, 1.93878))
((-0.549172, -0.0980665, 10.552), (-38.1818, -59.4545, 1.53061))
((-0.549172, -0.0980665, 10.552), (-37.4545, -59.8182, 1.73469))
((-0.549172, -0.0980665, 10.552), (-37.8182, -59.5454, 1.22449))
((-0.549172, -0.0980665, 10.552), (-38.0, -59.2727, 1.73469))
((-0.549172, -0.0980665, 10.552), (-37.7273, -59.3636, 1.42857))
((-0.539366, -0.0882598, 10.5618), (-38.1818, -59.2727, 1.42857))
((-0.539366, -0.0882598, 10.5618), (-38.2727, -59.3636, 1.63265))
((-0.539366, -0.0882598, 10.5618), (-37.9091, -59.4545, 1.42857))
((-0.539366, -0.0882598, 10.5618), (-38.1818, -60.0, 1.22449))
((-0.539366, -0.0882598, 10.5618), (-37.6364, -59.4545, 1.63265))
((-0.539366, -0.0882598, 10.5618), (-37.5455, -59.7273, 1.53061))
((-0.500139, -0.0490332, 10.5618), (-37.2727, -59.5454, 1.63265))
((-0.500139, -0.0490332, 10.5618), (-37.7273, -59.4545, 1.42857))
((-0.500139, -0.0490332, 10.5618), (-38.4545, -59.5454, 1.63265))
((-0.500139, -0.0490332, 10.5618), (-38.0, -59.3636, 1.53061))
((-0.500139, -0.0490332, 10.5618), (-37.9091, -59.1818, 1.53061))
((-0.500139, -0.0490332, 10.5618), (-38.0, -58.8182, 1.32653))
((-0.500139, -0.0490332, 10.5618), (-37.9091, -59.1818, 1.53061))
((-0.500139, -0.0490332, 10.5618), (-38.3636, -59.4545, 0.918367))
((-0.500139, -0.0490332, 10.5618), (-37.2727, -59.6364, 2.34694))
((-0.539366, -0.0784532, 10.5421), (-37.7273, -59.1818, 1.53061))
((-0.539366, -0.0784532, 10.5421), (-37.4545, -59.3636, 2.04082))
((-0.539366, -0.0784532, 10.5421), (-37.7273, -58.8182, 2.04082))
((-0.539366, -0.0784532, 10.5421), (-37.8182, -59.9091, 1.63265))
((-0.539366, -0.0784532, 10.5421), (-37.8182, -58.9091, 1.22449))
((-0.539366, -0.0784532, 10.5421), (-37.5455, -59.4545, 1.42857))
((-0.539366, -0.0784532, 10.5421), (-37.2727, -59.8182, 1.83673))
((-0.539366, -0.0784532, 10.5421), (-37.5455, -59.5454, 1.73469))
((-0.539366, -0.0784532, 10.5421), (-37.4545, -59.1818, 1.83673))
((-0.519752, -0.0588399, 10.5225), (-38.0, -59.1818, 0.918367))
((-0.519752, -0.0588399, 10.5225), (-38.0, -59.2727, 1.22449))
((-0.519752, -0.0588399, 10.5225), (-37.7273, -60.0, 1.53061))
((-0.519752, -0.0588399, 10.5225), (-37.8182, -60.5454, 0.816326))
((-0.519752, -0.0588399, 10.5225), (-37.2727, -60.0, 1.12245))
